1  18  0.618289
2  17  0.360474
2  96  0.06085
2  121  0.0391724
3  16  0.2402
3  43  0.0448969
3  74  0.425207
3  95  0.0416682
3  120  0.0272027
4  15  0.180171
4  19  0.0173226
4  42  0.0595709
4  73  0.42618
4  94  0.0314847
4  119  0.0214122
4  126  0.155598
5  14  0.144194
5  19  0.119602
5  41  0.0568769
5  72  0.342443
5  93  0.0251375
5  118  0.01745
5  125  0.12724
5  151  0.0146251
6  17  0.0159341
6  18  0.100271
6  40  0.0475107
6  71  0.285394
6  117  0.0145383
6  123  0.0216357
6  124  0.0927303
6  150  0.0104608
7  16  0.0135963
7  39  0.040145
7  70  0.244281
7  89  0.0207026
7  122  0.0301788
7  151  0.0149898
7  156  0.10296
8  17  0.0864692
8  69  0.208687
8  88  0.0190819
8  121  0.0271177
8  150  0.012469
8  155  0.0563136
8  157  0.0214916
9  16  0.0653817
9  19  0.0827353
9  37  0.0281829
9  41  0.010667
9  52  0.0160926
9  87  0.0170101
9  120  0.0137421
9  149  0.0103206
10  18  0.0741152
10  36  0.0242864
10  51  0.0145859
10  86  0.0130435
10  154  0.0965044
11  17  0.0621638
11  50  0.0132365
11  153  0.0942107
12  49  0.0119563
12  68  0.093165
12  123  0.0171983
12  152  0.0796004
12  157  0.100121
12  159  0.0338759
13  48  0.0100232
13  67  0.0896213
13  122  0.0186774
13  151  0.0667583
13  156  0.102547
13  158  0.0243695
14  66  0.084117
14  121  0.0176067
14  150  0.0569528
14  155  0.0854595
14  157  0.0175537
15  65  0.066043
15  154  0.0689702
16  34  0.0644173
16  153  0.0522515
17  33  0.422048
17  119  0.0186122
17  131  0.0584654
17  166  0.0152828
18  32  0.500209
18  118  0.0181755
18  130  0.0661734
18  151  0.0173072
19  31  0.47567
19  117  0.0172806
19  150  0.0170068
20  30  0.451692
20  116  0.0163143
20  128  0.38942
21  29  0.43021
21  115  0.01546
21  127  0.545617
22  28  0.401308
22  114  0.0147636
22  126  0.564446
23  27  0.367531
23  32  0.0122955
23  113  0.0139159
23  125  0.55025
24  31  0.0117672
24  112  0.0132089
24  124  0.527466
25  123  0.503623
26  174  0.0144762
27  121  0.202267
28  121  0.014484
30  178  0.0535048
31  41  0.0247884
31  118  0.34218
31  125  0.0525613
31  156  0.0274226
31  177  0.0661517
31  179  0.0674053
32  40  0.0240939
32  117  0.331375
32  124  0.051399
32  155  0.0292693
32  178  0.0427988
33  123  0.0388889
33  154  0.0270837
33  159  0.0905672
33  176  0.0453197
34  41  0.180014
34  72  0.0724729
34  114  0.0301074
34  115  0.0239448
34  118  0.0123168
34  122  0.0358067
34  125  0.0268161
34  158  0.169726
34  175  0.0404094
35  40  0.175148
35  71  0.0713971
35  117  0.0119815
35  121  0.0348463
35  123  0.13713
35  124  0.0139886
35  157  0.167052
35  173  0.308669
36  70  0.0693644
36  113  0.14575
36  120  0.0311303
36  122  0.151696
36  151  0.0242513
36  156  0.155808
36  172  0.263917
36  184  0.0735994
37  69  0.0670814
37  112  0.148007
37  121  0.148987
37  150  0.0238406
37  155  0.145257
37  170  0.33127
37  183  0.0434137
38  111  0.136512
38  120  0.140437
38  149  0.0231402
38  158  0.0434254
38  169  0.297668
38  182  0.0287322
38  186  0.065101
39  68  0.0620107
39  110  0.124271
39  148  0.0221751
39  152  0.0999368
39  157  0.0453566
39  168  0.269407
39  181  0.0205823
39  185  0.0428945
40  67  0.0619747
40  109  0.068174
40  118  0.162583
40  147  0.0176715
40  151  0.111291
40  156  0.0599283
40  167  0.244498
40  180  0.0103893
40  184  0.0309978
41  66  0.060533
41  117  0.158499
41  150  0.106471
41  155  0.0587644
41  183  0.0228813
42  50  0.0165161
42  65  0.0534648
42  104  0.0267176
42  154  0.0546542
43  49  0.0197502
43  103  0.0287951
43  148  0.0733901
43  153  0.0449638
44  48  0.0154763
44  102  0.0285656
44  147  0.0657488
44  163  0.181456
45  101  0.0245602
45  146  0.0523177
45  147  0.034079
45  162  0.182867
46  145  0.0350632
46  146  0.0515657
46  161  0.174512
47  99  0.0245225
47  145  0.0615612
47  149  0.0450709
47  160  0.164841
48  98  0.0255984
48  144  0.0697779
48  148  0.0455936
48  159  0.154665
49  97  0.024257
49  143  0.0613854
49  147  0.0445983
49  158  0.129496
50  142  0.0446513
50  143  0.0167689
50  146  0.0414439
51  142  0.0234611
51  145  0.0321025
51  156  0.0212307
52  60  0.115227
52  124  0.0348933
52  141  0.0286407
52  155  0.0213821
53  59  0.11412
53  60  0.424146
53  123  0.0344322
53  124  0.0380528
54  59  0.418807
54  121  0.0248841
54  123  0.038087
56  121  0.0327826
56  141  0.0128458
56  204  0.0121335
57  140  0.0119824
58  88  0.0241148
58  117  0.0170888
59  87  0.0240888
59  115  0.182389
59  118  0.0220469
59  166  0.0214018
59  206  0.0606852
59  207  0.179587
60  114  0.218792
60  165  0.0206252
60  205  0.0363905
60  206  0.0898686
61  113  0.21625
61  116  0.0218846
61  164  0.0174348
62  85  0.0455829
62  112  0.200033
63  84  0.0491806
64  83  0.0484304
64  112  0.022372
64  209  0.0256117
65  82  0.0448318
65  109  0.150268
65  111  0.0154587
65  131  0.371639
65  208  0.0173079
66  79  0.02021
66  108  0.164319
66  111  0.226308
66  130  0.429878
66  207  0.0117657
67  78  0.0201512
67  80  0.0256822
67  107  0.161533
67  110  0.258869
67  129  0.42935
67  209  0.0101399
68  77  0.0198632
68  106  0.148882
68  109  0.264832
68  128  0.426563
68  208  0.0113797
69  76  0.0171938
69  79  0.026653
69  108  0.263274
69  127  0.419061
70  78  0.026127
70  104  0.011371
70  105  0.0141927
70  107  0.256697
71  77  0.0225141
71  106  0.218139
71  125  0.415331
71  205  0.0135423
71  218  0.330696
72  103  0.0509714
72  124  0.411341
72  204  0.0106111
72  217  0.225754
73  103  0.0722829
73  123  0.401989
73  216  0.160673
74  105  0.0173117
75  104  0.0208012
76  103  0.0204098
76  213  0.0160696
77  98  0.751385
78  97  0.803479
78  122  0.07729
79  96  0.80218
79  117  0.0117722
79  121  0.0775673
79  209  0.0271757
79  227  0.298175
80  95  0.788168
80  116  0.0108148
80  119  0.0473583
80  120  0.0439489
80  131  0.0138342
80  208  0.0249285
80  226  0.152062
81  93  0.350514
81  94  0.452603
81  118  0.0797385
81  130  0.0175511
81  207  0.0227723
81  225  0.0986369
82  92  0.667863
82  110  0.0110374
82  117  0.0752131
82  129  0.0173667
82  223  0.0845299
82  224  0.045235
83  91  0.66223
83  93  0.0534245
83  109  0.0113002
83  115  0.0198573
83  116  0.0597957
83  128  0.0167981
83  206  0.0198593
83  221  0.0487042
83  222  0.0980904
84  90  0.606386
84  91  0.111396
84  108  0.011183
84  114  0.0298804
84  115  0.0461285
84  127  0.0165586
84  205  0.018347
84  220  0.042594
84  221  0.0862548
85  89  0.435681
85  90  0.0981291
85  113  0.0191159
85  219  0.0395878
85  220  0.0671856
86  113  0.0650645
86  218  0.0367955
86  219  0.0391912
87  112  0.0757088
87  217  0.034191
88  106  0.0476972
88  111  0.0616806
88  125  0.0179499
88  235  0.0326124
89  105  0.0550623
89  110  0.0529776
89  234  0.0229627
90  104  0.0677318
90  124  0.0206784
90  233  0.0175617
91  103  0.0672688
91  123  0.035052
92  102  0.0553314
92  122  0.0350325
93  121  0.034594
94  232  0.899953
95  231  0.794274
96  108  0.0324291
96  118  0.0336835
96  177  0.0119585
96  230  0.705749
96  244  0.31699
97  107  0.0324259
97  117  0.0330968
97  176  0.0116476
97  229  0.628309
97  243  0.158009
98  106  0.0320273
98  116  0.0301915
98  175  0.0113292
98  228  0.561758
98  242  0.0957015
99  105  0.0292287
99  174  0.0110238
99  227  0.468402
100  117  0.0204917
100  173  0.0106942
100  227  0.0124137
101  223  0.0374491
101  224  0.0903126
101  246  0.0105285
102  148  0.0154511
102  223  0.0932212
102  224  0.0345806
102  245  0.0116006
103  114  0.0593887
103  147  0.0179257
103  162  0.011905
103  221  0.674468
103  222  0.018856
103  240  0.0131601
104  113  0.0548857
104  146  0.0180158
104  161  0.0132234
104  220  0.635854
104  236  0.0232755
104  239  0.0141742
105  145  0.0178642
105  160  0.0133993
105  219  0.554642
105  235  0.0223184
105  238  0.013079
106  144  0.0171066
106  159  0.0132541
106  234  0.0194896
106  237  0.0115885
107  122  0.0198616
107  158  0.0129515
107  218  0.291254
108  117  0.0125105
108  121  0.0214548
108  141  0.0172248
108  157  0.0123561
108  216  0.268595
108  217  0.298959
108  232  0.0227461
108  257  0.358704
109  140  0.0168671
109  216  0.280901
109  231  0.0212326
109  256  0.122509
110  139  0.0137134
110  214  0.116875
110  215  0.223518
110  230  0.0196952
110  255  0.0729387
111  213  0.148273
111  229  0.0174941
111  254  0.0492723
112  118  0.0265339
112  125  0.0784888
112  211  0.358088
112  212  0.0775563
112  228  0.0110589
112  253  0.0214
113  117  0.0230916
113  124  0.0783505
113  210  0.420625
113  233  0.0127564
113  261  0.0121886
114  123  0.0782233
114  209  0.40637
114  232  0.0126811
114  260  0.0174861
114  261  0.0514897
115  231  0.0109406
115  260  0.0172564
115  261  0.375179
115  264  0.0800854
116  229  0.0108934
116  245  0.0133815
116  260  0.534132
116  263  0.0591972
117  125  0.0507564
117  205  0.34281
117  206  0.0131761
117  228  0.0122846
117  244  0.0136989
117  259  0.873763
117  262  0.0406546
118  124  0.0506166
118  204  0.346142
118  227  0.0117781
118  243  0.0125602
118  258  0.821079
118  261  0.0295423
118  266  0.0889919
119  123  0.0407421
119  203  0.328056
119  257  0.700838
119  260  0.0223565
119  264  0.239641
119  267  0.0371118
120  170  0.0106633
120  202  0.276544
120  256  0.616187
120  263  0.273963
120  266  0.0236303
121  130  0.0182058
121  169  0.0281697
121  207  0.0267844
121  255  0.631071
121  262  0.217552
121  265  0.0219992
122  129  0.0179911
122  168  0.0290886
122  254  0.582148
122  261  0.285172
122  264  0.0162587
123  128  0.0150047
123  167  0.0288562
123  206  0.0694824
123  253  0.533876
124  156  0.0156326
124  166  0.0279999
124  205  0.0679916
124  252  0.487131
124  259  0.349633
124  262  0.0440953
125  155  0.0175212
125  204  0.065663
125  251  0.44243
125  258  0.320528
125  261  0.0405055
126  257  0.288522
126  260  0.0349653
127  256  0.26012
128  152  0.0753993
128  157  0.193031
129  142  0.0222323
129  151  0.0830796
129  156  0.4769
129  218  0.0156189
130  141  0.0268027
130  150  0.0827048
130  155  0.52185
130  217  0.0173651
131  140  0.026508
131  154  0.514381
131  216  0.0150479
131  280  0.114626
132  148  0.0161164
132  153  0.504884
132  217  0.0201998
132  279  0.184024
133  144  0.0191749
133  152  0.489575
133  213  0.0224916
133  216  0.0498196
133  278  0.13163
134  143  0.021345
134  146  0.0806748
134  151  0.332344
134  161  0.0151975
134  212  0.0235743
134  215  0.0654987
134  277  0.09645
135  142  0.0214072
135  145  0.0986123
135  149  0.101801
135  151  0.132753
135  160  0.0198983
135  195  0.032584
135  211  0.0215693
135  214  0.0695677
135  276  0.0744207
136  141  0.0198615
136  144  0.0998107
136  148  0.104584
136  150  0.253471
136  159  0.0204174
136  194  0.0381857
136  210  0.0192977
136  213  0.0666359
136  266  0.051804
136  274  0.0127559
136  275  0.048069
137  143  0.0977208
137  147  0.100707
137  149  0.249197
137  158  0.0202175
137  193  0.0413222
137  211  0.0909397
137  212  0.0338728
137  265  0.0686994
137  273  0.0204828
138  148  0.205075
138  157  0.0192747
138  192  0.041388
138  210  0.135474
138  264  0.0656441
138  279  0.0364201
139  148  0.105622
139  191  0.0409756
139  209  0.140074
139  254  0.0223086
139  263  0.0614989
139  278  0.0378558
139  283  0.212503
140  145  0.0198431
140  146  0.0321427
140  147  0.13802
140  190  0.0381656
140  208  0.136027
140  253  0.0257916
140  262  0.0561024
140  270  0.0348492
140  277  0.0330978
140  282  0.201136
141  145  0.0180533
141  146  0.11659
141  175  0.0146656
141  205  0.065137
141  207  0.125335
141  252  0.0253462
141  269  0.0335627
141  276  0.0290257
141  281  0.166154
141  284  0.0129029
142  153  0.0270695
142  174  0.0159545
142  204  0.0665641
142  251  0.0223251
142  261  0.0372495
142  268  0.0300662
142  275  0.0256012
142  280  0.124527
143  152  0.0316299
143  173  0.0164374
143  187  0.0205969
143  189  0.0281095
143  203  0.0604028
143  260  0.0475328
143  267  0.02617
143  274  0.0224084
143  278  0.0120168
143  279  0.0796941
143  292  0.024457
144  151  0.0316497
144  172  0.0157333
144  186  0.0191327
144  188  0.0323356
144  259  0.0516582
144  273  0.0175196
144  277  0.0143671
144  291  0.0123633
145  150  0.0301226
145  171  0.0107801
145  187  0.027447
145  202  0.20221
145  258  0.0494451
145  280  0.011911
146  171  0.0115722
146  201  0.248563
146  257  0.0468948
146  264  0.0160615
146  275  0.0206201
146  279  0.0282303
147  170  0.0176558
147  185  0.0569567
147  200  0.259213
147  256  0.0512916
147  263  0.0151701
147  274  0.0199424
147  278  0.0298629
147  292  0.0126967
148  169  0.0222475
148  184  0.0693556
148  199  0.258663
148  255  0.0498294
148  262  0.013989
148  273  0.0170491
148  276  0.0180333
148  277  0.0259467
148  291  0.0131934
148  295  0.0399588
149  168  0.0224983
149  183  0.0691746
149  198  0.254047
149  245  0.0379499
149  254  0.0445465
149  261  0.0124513
149  275  0.0171865
149  290  0.0104876
149  294  0.0335928
150  167  0.0219759
150  182  0.0722613
150  197  0.24947
150  244  0.0448367
150  252  0.0705694
150  293  0.0297105
151  181  0.0721183
151  196  0.244197
151  243  0.0432559
151  251  0.0678067
151  274  0.0267458
151  292  0.0226863
152  180  0.0699966
152  195  0.232878
152  242  0.0411464
152  250  0.0647398
152  273  0.0266356
152  291  0.0138697
153  164  0.0149137
153  179  0.0517344
153  241  0.0385138
153  249  0.059694
153  272  0.0239735
153  273  0.0127624
154  163  0.015045
154  193  0.0128049
154  240  0.0334533
154  248  0.0467369
154  270  0.100824
154  272  0.0138905
154  296  0.108369
155  162  0.0131324
155  177  0.0639959
155  239  0.017764
155  247  0.0320901
155  269  0.103558
155  271  0.0132242
155  295  0.111234
156  176  0.0632749
156  178  0.096422
156  191  0.200968
156  246  0.0216641
156  268  0.0956835
156  294  0.094902
157  175  0.0619882
157  177  0.393349
157  190  0.208396
157  244  0.0126935
157  293  0.0819688
157  305  0.0184556
158  174  0.0602313
158  176  0.391243
158  189  0.205802
158  243  0.0121769
158  263  0.0102394
158  266  0.107285
158  292  0.071448
159  172  0.0310693
159  175  0.385451
159  188  0.201416
159  262  0.01118
159  265  0.130409
159  291  0.0608559
160  171  0.0339253
160  174  0.373101
160  187  0.184844
160  261  0.0104745
160  264  0.126214
160  290  0.0477987
161  170  0.0333353
161  171  0.0298638
161  173  0.335865
161  263  0.11399
162  170  0.0293682
162  171  0.0363214
162  185  0.0123749
162  261  0.0411487
163  170  0.0398405
163  171  0.0758392
163  185  0.0108967
163  260  0.0412115
163  261  0.0136387
164  170  0.0652191
164  171  0.158992
164  260  0.0102821
165  170  0.162173
165  217  0.0215855
165  258  0.234649
166  216  0.0216823
166  217  0.0334431
166  257  0.232532
167  183  0.269461
167  216  0.0333959
167  256  0.225946
167  316  0.333493
168  182  0.289035
168  214  0.0355355
168  215  0.0176061
168  255  0.216711
168  312  0.0154979
169  181  0.287915
169  213  0.0504237
169  254  0.205051
169  311  0.0141327
169  314  0.430766
170  180  0.285198
170  212  0.0513859
170  253  0.166574
170  310  0.0120397
170  313  0.377692
171  179  0.282404
171  199  0.102137
171  211  0.0504855
171  312  0.300485
172  178  0.27745
172  198  0.111383
172  210  0.0485093
172  311  0.246743
172  314  0.0110008
173  177  0.248811
173  197  0.113733
173  310  0.208124
173  313  0.0107704
174  208  0.025031
175  196  0.124389
175  288  0.0102765
175  321  0.0179575
176  195  0.127747
176  287  0.0104374
176  320  0.0174261
177  194  0.126992
177  204  0.0124383
177  319  0.0136915
178  193  0.125259
178  309  0.0500526
179  192  0.123532
179  201  0.385194
179  308  0.0373004
180  191  0.121734
180  200  0.506379
180  308  0.0195501
181  190  0.119948
181  199  0.514954
181  307  0.0270399
182  189  0.115026
182  198  0.509664
183  188  0.0824711
183  197  0.503752
183  305  0.331911
184  196  0.496371
184  304  0.347937
185  195  0.489144
185  303  0.419605
186  194  0.481393
186  302  0.402829
187  193  0.458104
187  301  0.376925
187  303  0.0160389
188  192  0.355481
188  299  0.0217322
188  300  0.313811
188  302  0.016157
189  301  0.0152831
190  297  0.555194
190  298  0.0113685
191  296  0.616417
192  295  0.611466
193  294  0.591304
193  338  0.547212
194  293  0.571979
194  337  0.660307
195  292  0.550287
195  336  0.516276
196  291  0.530836
196  335  0.423077
197  290  0.512771
197  334  0.358207
197  346  0.0462037
198  289  0.49309
198  333  0.304239
198  347  0.0221388
199  288  0.47124
199  332  0.252754
200  287  0.424705
202  220  0.237918
203  219  0.303763
203  222  0.01158
203  282  0.199682
203  345  0.0790844
204  218  0.339024
204  221  0.0122758
204  259  0.0336868
204  262  0.0220501
204  281  0.20692
204  323  0.0271856
204  342  0.0364581
204  344  0.068776
205  217  0.317666
205  258  0.03822
205  261  0.0226942
205  280  0.198529
205  322  0.0418629
205  341  0.0306112
206  216  0.291642
206  217  0.125334
206  257  0.0375088
206  260  0.022185
206  278  0.0176474
206  319  0.0284341
206  321  0.0404312
207  216  0.145942
207  256  0.0364553
207  258  0.0195989
207  278  0.101057
207  318  0.027712
207  319  0.0419659
207  341  0.0534979
208  257  0.0189679
208  278  0.0344904
208  317  0.0252524
208  318  0.0398811
208  340  0.0492463
209  215  0.0111106
209  277  0.164069
209  339  0.0441526
209  357  0.0346744
210  255  0.0167779
210  276  0.179992
211  275  0.177376
211  315  0.0563272
212  274  0.173151
212  314  0.0562933
212  356  0.708372
213  255  0.0151413
213  273  0.165937
213  313  0.0516982
213  355  0.684961
214  354  0.570432
215  254  0.102991
215  311  0.0518517
215  353  0.456994
216  253  0.141696
216  270  0.14678
216  310  0.0516508
216  352  0.230977
216  365  0.0102946
217  252  0.145337
217  269  0.147382
217  309  0.0491369
217  352  0.613386
217  365  0.0325519
218  251  0.140642
218  268  0.135643
218  308  0.042785
218  351  0.682821
218  364  0.0151947
219  234  0.0700774
219  267  0.120918
219  350  0.632609
220  233  0.10434
220  266  0.0948248
220  267  0.017002
220  349  0.576856
221  232  0.113697
221  266  0.024299
221  330  0.012857
221  348  0.51856
221  368  0.0638581
222  231  0.11192
222  237  0.0293962
222  329  0.011993
222  367  0.0399864
223  230  0.0997398
223  236  0.0326685
223  248  0.601791
223  366  0.0223532
224  235  0.0329541
224  247  0.770997
225  234  0.0325538
225  246  0.795068
226  233  0.03144
226  245  0.807599
227  244  0.801512
227  373  0.0520387
228  243  0.781591
228  372  0.0341431
229  242  0.675763
229  371  0.0225908
231  240  0.354711
231  241  0.0880104
231  242  0.0380029
232  239  0.411368
232  240  0.110397
232  241  0.0962236
232  249  0.0106795
233  238  0.331106
233  239  0.106639
233  240  0.10144
233  248  0.0109915
234  238  0.0616197
234  239  0.0923784
234  247  0.0109208
235  246  0.0107446
236  245  0.0100925
243  252  0.149194
243  303  0.0102493
243  377  0.208172
243  392  0.800534
244  251  0.147947
244  302  0.0107429
244  376  0.191513
244  391  0.455344
244  393  0.474122
245  250  0.118323
245  375  0.170913
245  390  0.273496
245  392  0.145331
246  374  0.136293
246  389  0.189525
246  392  0.288739
247  388  0.0446907
247  391  0.213829
248  372  0.0573629
249  264  0.0766818
250  263  0.101642
250  294  0.172494
250  343  0.0310679
250  388  0.820187
251  262  0.104162
251  291  0.0244883
251  293  0.214846
251  342  0.0386168
251  369  0.175994
251  387  0.998435
252  261  0.102978
252  290  0.0258863
252  292  0.211053
252  341  0.0373399
252  368  0.167522
252  386  0.960571
253  260  0.0990867
253  288  0.0340458
253  290  0.189919
253  340  0.0303837
253  367  0.15583
253  372  0.0107652
253  385  0.88219
254  259  0.0709948
254  287  0.0390091
254  289  0.21227
254  366  0.132787
254  371  0.0110954
254  384  0.76907
255  286  0.0369434
255  288  0.211159
255  372  0.0307406
256  271  0.0117243
256  285  0.0261783
256  287  0.183054
256  365  0.0407857
256  370  0.14493
256  371  0.0377223
257  270  0.0118563
257  284  0.0143208
257  285  0.500965
257  369  0.138119
257  370  0.0369156
257  381  0.833817
258  269  0.0118573
258  284  0.505765
258  369  0.0349696
258  380  0.85013
259  268  0.0116563
259  283  0.508813
259  367  0.145715
259  368  0.0107045
259  379  0.799199
259  388  0.0181767
260  282  0.50175
260  285  0.0575124
260  310  0.011525
260  366  0.144579
260  378  0.751628
260  387  0.0288422
261  281  0.493765
261  284  0.0567616
261  309  0.0113017
261  365  0.142984
261  377  0.707387
262  278  0.0282629
262  280  0.359227
262  283  0.0554878
262  308  0.0110488
262  364  0.13667
262  376  0.665083
262  385  0.0249929
263  277  0.169392
263  282  0.0477498
263  307  0.0104202
263  363  0.128262
263  375  0.590561
263  384  0.0234774
264  276  0.20268
264  362  0.110764
264  374  0.312943
264  383  0.0216063
265  275  0.199103
265  278  0.0774672
265  279  0.0152855
265  361  0.0989091
265  382  0.019437
265  406  0.0258739
266  277  0.0851214
266  281  0.0101554
266  360  0.0329754
266  373  0.0192947
266  405  0.0261606
266  413  0.0187354
267  273  0.156384
267  276  0.0837961
267  277  0.0194355
267  404  0.0209069
267  415  0.0399919
268  272  0.09136
268  276  0.0184468
268  414  0.0213252
269  274  0.0817597
269  280  0.230299
269  318  0.23614
269  409  0.462539
269  411  0.377464
270  279  0.26126
270  317  0.236629
270  397  0.0381723
270  408  0.393031
270  410  0.307517
270  412  0.0835039
271  278  0.25852
271  316  0.234125
271  396  0.0671731
271  407  0.337688
271  409  0.257031
271  411  0.0827895
272  315  0.229507
272  395  0.0684572
272  406  0.273862
272  407  0.0255054
272  408  0.19184
272  410  0.0691049
273  314  0.224804
273  394  0.064358
273  406  0.0713551
273  407  0.114803
273  409  0.059115
274  313  0.220109
274  404  0.25982
274  405  0.094458
275  312  0.209774
275  392  0.0568092
275  403  0.281042
275  404  0.0542095
276  311  0.119351
276  391  0.0513971
276  402  0.283782
276  407  0.0456345
277  311  0.089254
277  401  0.264763
277  406  0.0520043
278  310  0.170142
278  389  0.0169445
278  400  0.242938
278  405  0.0480181
279  404  0.0406296
280  309  0.176711
280  323  0.0119872
280  369  0.0816933
280  387  0.0769524
281  308  0.173434
281  322  0.0161791
281  368  0.0805109
281  386  0.0736834
281  394  0.0187686
281  396  0.0348794
282  321  0.0164338
282  367  0.0772829
282  385  0.0690871
282  393  0.0178516
282  395  0.0326744
283  320  0.0164646
283  366  0.0642523
283  384  0.0550345
283  392  0.0169649
284  319  0.0162243
284  391  0.0158547
284  394  0.0355857
285  318  0.0159306
285  382  0.0256687
285  393  0.0339127
286  305  0.134239
286  309  0.118934
286  339  0.0125107
286  342  0.0298925
286  365  0.0311216
286  392  0.0161763
286  426  0.457119
286  430  0.0105366
287  304  0.132638
287  308  0.118104
287  341  0.0277439
287  364  0.0299099
287  425  0.384528
288  303  0.131559
288  307  0.108141
288  363  0.0223311
288  424  0.330076
289  302  0.128739
289  338  0.189101
289  423  0.286593
290  301  0.126776
290  305  0.161157
290  337  0.29194
290  422  0.243799
291  300  0.125591
291  304  0.158648
291  336  0.293466
291  421  0.20456
292  303  0.217952
292  305  0.0710498
292  335  0.295336
293  302  0.221682
293  304  0.0705453
293  334  0.291712
294  301  0.209277
294  303  0.0707395
294  333  0.286136
295  300  0.17233
295  302  0.0683984
295  332  0.27811
296  331  0.239994
301  329  0.036525
301  330  0.100952
302  328  0.0415931
302  442  0.0111193
303  329  0.0104366
304  327  0.667095
305  326  0.666636
306  325  0.709973
307  324  0.706446
308  323  0.720457
309  322  0.722074
310  321  0.71746
311  320  0.71061
312  319  0.689254
312  386  0.0113302
313  318  0.497273
313  385  0.0323391
314  384  0.0345635
315  383  0.0327365
317  381  0.0160045
318  378  0.0127859
318  381  0.0842681
319  373  0.0926027
319  377  0.0128071
319  380  0.131617
320  372  0.0908914
320  376  0.0107802
320  379  0.137827
321  370  0.0527128
321  371  0.0611757
321  374  0.100295
321  378  0.136805
322  369  0.0527959
322  370  0.058849
322  373  0.163277
322  377  0.134838
323  368  0.0495514
323  372  0.16197
323  376  0.131971
324  370  0.0188104
324  371  0.1462
324  375  0.122083
325  366  0.0393383
325  374  0.119112
326  365  0.048388
326  369  0.387474
326  373  0.0526835
327  368  0.402953
328  348  0.0663469
328  367  0.39966
328  372  0.0339945
328  446  0.0112938
329  347  0.137917
329  362  0.0601299
329  366  0.3925
329  371  0.0340277
329  445  0.0102117
330  365  0.38655
330  370  0.033504
330  447  0.0391607
330  448  0.0463032
331  345  0.223497
331  360  0.450064
331  443  0.0849363
331  445  0.0948469
332  344  0.228754
332  359  0.458334
332  369  0.0186383
332  442  0.0789191
332  445  0.0376861
332  447  0.460793
333  343  0.226595
333  358  0.453284
333  368  0.0171656
333  441  0.0672101
333  444  0.0348292
333  446  0.308234
334  342  0.224575
334  357  0.448523
334  365  0.0197116
334  442  0.412903
334  445  0.22911
335  341  0.216147
335  356  0.442417
335  364  0.0198973
335  441  0.362254
335  444  0.184443
336  355  0.428271
336  363  0.0187401
336  443  0.12888
337  348  0.404475
337  440  0.739452
338  347  0.403398
338  362  0.0311202
338  433  0.208494
338  439  0.738795
339  346  0.400443
339  361  0.0373532
339  432  0.333349
339  438  0.720526
340  345  0.321855
340  360  0.0370527
340  363  0.0808181
340  431  0.317366
340  437  0.661225
341  359  0.0362784
341  362  0.119754
341  430  0.301439
341  436  0.610778
342  361  0.122032
342  429  0.286293
342  435  0.566809
343  360  0.116768
343  362  0.0205207
343  428  0.239059
343  433  0.0963
343  434  0.326318
344  361  0.0261642
344  368  0.0216425
344  432  0.179871
345  358  0.135471
345  367  0.021639
345  423  0.161496
346  357  0.140164
346  359  0.0944239
346  365  0.014266
346  366  0.0153736
346  422  0.180952
346  426  0.0190557
346  430  0.138782
347  356  0.1377
347  358  0.0943393
347  364  0.0139582
347  421  0.177103
347  425  0.0172272
347  429  0.130237
348  355  0.0985231
348  357  0.0933549
348  365  0.0225743
348  420  0.173743
348  428  0.104428
349  419  0.169211
349  427  0.0895601
350  363  0.0934607
350  418  0.163735
351  362  0.111202
351  417  0.158882
352  361  0.114559
352  416  0.154218
353  360  0.0991246
353  415  0.147528
354  414  0.126625
355  412  0.012276
356  392  0.012309
357  391  0.0126539
357  409  0.0205128
357  411  0.044672
357  446  0.0714863
358  390  0.0121921
358  445  0.0536347
359  407  0.0856634
360  388  0.0152086
360  406  0.0838709
361  387  0.0163883
361  405  0.0813357
361  442  0.18755
362  386  0.0160146
362  441  0.164897
363  385  0.0154088
363  440  0.146758
364  384  0.0133516
364  439  0.132046
365  438  0.115123
366  382  0.0114648
366  432  0.0153158
367  381  0.0128305
367  431  0.0232244
367  437  0.102736
368  377  0.0265849
368  380  0.0119496
368  387  0.0123981
368  430  0.0226328
368  436  0.0989331
369  376  0.0264793
369  386  0.0120487
369  394  0.0170563
369  396  0.0612431
369  429  0.0213266
369  435  0.0909152
370  393  0.0167373
370  394  0.304969
371  393  0.301601
372  383  0.0202167
372  392  0.305351
372  433  0.0186446
373  382  0.021726
373  391  0.299975
373  432  0.0170334
374  397  0.019796
375  388  0.287825
375  396  0.0162081
376  387  0.292656
377  386  0.287172
377  394  0.136491
378  393  0.135578
378  440  0.0722385
379  392  0.133169
379  439  0.0656337
380  391  0.130594
380  438  0.0590907
381  388  0.0111028
382  387  0.0130068
382  389  0.0263117
382  434  0.0183176
382  436  0.0471407
383  388  0.0258545
383  435  0.0416088
384  432  0.248836
385  431  0.351579
386  405  0.0409804
386  430  0.362439
387  429  0.344778
388  403  0.118698
388  428  0.318507
389  402  0.141975
390  401  0.161619
390  425  0.107644
391  400  0.170335
391  424  0.113145
391  426  0.190244
392  399  0.164733
392  423  0.109746
392  425  0.182359
393  405  0.0104394
393  422  0.103024
393  424  0.167319
394  404  0.0101419
396  405  0.0125601
396  420  0.708984
397  404  0.0119986
397  419  0.768821
398  418  0.784744
399  417  0.774774
400  416  0.755601
401  415  0.730821
402  414  0.642838
403  411  0.0128436
404  410  0.0178946
404  412  0.621978
405  409  0.0174292
405  411  0.624307
425  433  0.0240974
426  432  0.0265303
