3  42  0.0159903
3  149  0.0140404
3  150  0.0123675
3  152  0.0171556
4  41  0.0142007
4  148  0.0119864
5  40  0.0113856
6  155  0.0170831
7  148  0.0515411
8  147  0.0233695
8  148  0.497289
9  147  0.89204
10  146  0.976753
11  145  0.891506
12  143  0.101392
12  144  0.800254
12  156  0.0103941
13  142  0.829517
14  141  0.789892
15  43  0.0272878
15  140  0.737514
16  42  0.0347643
16  139  0.69129
17  41  0.033837
17  138  0.641065
18  40  0.0319791
19  39  0.0280196
21  170  0.144244
22  138  0.0233066
22  169  0.0488262
23  137  0.0157526
23  168  0.0248713
24  35  0.0124471
24  137  0.635504
24  153  0.0120834
24  173  0.0599934
25  34  0.0147665
25  136  0.644087
25  152  0.0133021
25  172  0.041166
26  33  0.0138558
26  135  0.586393
26  151  0.012084
26  171  0.026236
27  149  0.0117289
28  148  0.011494
28  170  0.0822595
29  132  0.0711114
29  147  0.0109217
29  169  0.0665651
29  176  0.811979
30  130  0.531596
30  131  0.0356925
30  168  0.0559883
30  175  0.757751
31  129  0.564367
31  167  0.0480833
31  174  0.717026
31  175  0.0496714
32  128  0.546905
32  166  0.037096
32  173  0.594018
32  174  0.0435244
32  175  0.02013
33  127  0.529048
33  172  0.495305
33  173  0.0346424
33  174  0.0181149
34  126  0.510434
34  171  0.408018
35  125  0.46887
35  170  0.297189
37  139  0.0118471
37  184  0.344618
38  124  0.0267453
38  125  0.0115655
38  138  0.0131925
38  169  0.851773
38  183  0.237321
39  137  0.0128158
39  160  0.0121734
39  168  0.78703
39  182  0.170608
40  52  0.0214976
40  136  0.0123443
40  159  0.0123564
40  164  0.0490693
40  167  0.721405
40  181  0.132102
41  51  0.0210969
41  158  0.0116198
41  163  0.0458531
41  166  0.662461
42  50  0.0203899
42  121  0.0161348
42  122  0.0356063
42  157  0.0109699
42  162  0.0423968
42  165  0.613359
42  179  0.0629714
43  156  0.0103335
43  161  0.0361709
43  164  0.562637
44  120  0.834457
45  119  0.963004
46  118  0.943239
47  117  0.921292
48  116  0.882387
48  196  0.051897
48  197  0.258547
49  114  0.0341634
49  115  0.69625
49  116  0.0204363
49  195  0.0580086
49  196  0.0870784
49  197  0.0126901
50  115  0.0358776
50  194  0.04208
50  195  0.0500742
51  193  0.0303125
52  190  0.013779
52  193  0.033606
53  189  0.0109682
53  192  0.0267109
54  112  0.904071
54  191  0.0169318
55  111  0.996795
56  110  0.995999
57  109  0.989392
58  105  0.0312668
58  108  0.961244
59  104  0.0653689
59  107  0.928704
60  103  0.0883773
60  106  0.908149
61  102  0.0953261
61  105  0.856573
62  101  0.10218
62  103  0.833145
62  104  0.0408316
62  181  0.0205746
63  100  0.100871
63  102  0.856251
63  180  0.0194483
64  99  0.0983376
64  101  0.839021
66  97  0.0943669
66  99  0.252955
66  177  0.0155133
67  96  0.086301
67  98  0.328525
67  176  0.0129087
68  96  0.0655051
68  98  0.0284665
68  216  0.641446
69  95  0.0702395
69  97  0.0297862
69  174  0.0129056
69  215  0.501694
70  95  0.0169232
70  173  0.0158242
70  214  0.416466
71  95  0.0246026
71  172  0.0162921
71  213  0.324903
71  219  0.714361
72  81  0.0126857
72  93  0.766636
72  94  0.0178901
72  171  0.0155188
72  212  0.248308
72  218  0.367012
73  80  0.0206046
73  92  0.812463
73  170  0.0145687
73  191  0.0137132
73  211  0.119269
73  217  0.249177
74  79  0.0216051
74  91  0.81311
74  169  0.013745
74  190  0.0156758
74  216  0.18662
75  90  0.795562
75  171  0.0111206
75  211  0.112233
75  212  0.0167533
76  89  0.734258
76  170  0.0130943
76  188  0.0163971
76  210  0.167436
76  211  0.0192863
76  224  0.0301948
77  87  0.158264
77  169  0.0138614
77  187  0.0205012
77  209  0.162813
77  210  0.0185664
77  223  0.0247623
78  85  0.0911677
78  86  0.498206
78  168  0.0265158
78  186  0.0195992
78  208  0.14402
78  222  0.0174184
79  85  0.50233
79  167  0.0267575
79  221  0.0126994
80  166  0.0247835
81  222  0.0817971
82  204  0.0150234
82  221  0.0784346
83  168  0.0304175
83  182  0.0719049
83  203  0.0139992
83  204  0.126376
83  220  0.0686874
84  167  0.031479
84  181  0.0745873
84  203  0.129481
84  219  0.0592473
84  232  0.0267825
85  180  0.0719011
85  202  0.123116
85  231  0.0171525
86  165  0.0262257
86  179  0.0628167
86  200  0.0636964
86  201  0.0676109
86  230  0.0111465
87  163  0.243477
87  164  0.0140921
87  199  0.108311
88  162  0.261345
88  198  0.10938
89  161  0.280159
89  197  0.104445
90  160  0.273681
90  196  0.0991578
91  159  0.267113
91  195  0.092157
91  197  0.0152968
92  158  0.203724
92  194  0.0821557
92  196  0.0148434
93  195  0.0151236
93  242  0.835067
94  192  0.0336616
94  194  0.0152685
94  239  0.0245063
94  241  0.720284
95  190  0.0120041
95  191  0.031109
95  193  0.0151212
95  238  0.019515
95  240  0.553834
96  158  0.0737499
96  189  0.0189243
96  192  0.0143689
96  237  0.015242
96  239  0.422334
96  241  0.0456259
97  157  0.264924
97  187  0.0592055
97  188  0.010133
97  236  0.011537
97  238  0.330526
97  240  0.0420219
98  156  0.265172
98  186  0.0790103
98  237  0.268597
98  239  0.0353516
98  246  0.0288486
99  155  0.256144
99  185  0.0783038
99  236  0.219131
99  238  0.028806
100  184  0.0761317
100  237  0.0211818
100  244  0.0463621
101  154  0.133414
101  183  0.0738756
101  234  0.0796638
101  243  0.0411915
102  153  0.123386
102  182  0.0668386
102  233  0.0148712
102  242  0.0270378
103  180  0.048982
104  151  0.041288
104  179  0.0438717
105  149  0.22512
106  118  0.170204
106  148  0.236202
107  117  0.172976
107  147  0.23404
108  116  0.17278
108  146  0.231943
108  246  0.0617849
108  256  0.0623354
108  257  0.0130648
109  115  0.160836
109  145  0.228266
109  245  0.0543255
109  255  0.0302882
110  114  0.152598
110  119  0.0189692
110  144  0.225088
110  206  0.0942602
110  244  0.0489657
110  254  0.0187919
111  118  0.0188976
111  205  0.111715
111  243  0.043942
112  143  0.0746499
112  204  0.110693
112  242  0.0378118
113  186  0.0190771
113  203  0.108177
113  241  0.0248668
114  141  0.146196
114  202  0.104923
115  140  0.141839
115  201  0.0899167
116  138  0.218938
116  183  0.217985
117  137  0.217406
117  182  0.217167
117  245  0.0180592
117  253  0.0139827
117  255  0.0663352
117  257  0.0114043
118  136  0.214209
118  181  0.213232
118  244  0.0253085
118  252  0.0163323
118  254  0.0656706
118  256  0.0109262
118  267  0.0208521
119  180  0.208038
119  243  0.0280548
120  242  0.0253578
120  250  0.249787
120  251  0.0732566
120  252  0.0141025
120  253  0.0305535
120  268  0.0172103
121  177  0.0145079
121  241  0.0195265
121  249  0.297025
121  250  0.0856971
121  251  0.0143975
121  252  0.0309923
121  267  0.0107931
121  268  0.0914888
122  131  0.228057
122  177  0.0175354
122  248  0.291321
122  249  0.0829765
122  250  0.0124126
122  251  0.0284907
122  258  0.024205
122  267  0.0506123
122  268  0.0378522
123  130  0.258251
123  131  0.0280865
123  137  0.0212985
123  175  0.214889
123  247  0.274437
123  248  0.0769056
123  250  0.0251037
123  255  0.0118974
123  257  0.0254598
123  258  0.0175021
123  267  0.0268327
124  129  0.257532
124  130  0.034646
124  136  0.0230525
124  174  0.258516
124  175  0.0414258
124  246  0.255337
124  247  0.0709386
124  249  0.0214438
124  254  0.0120592
124  256  0.0229934
124  257  0.0209414
124  265  0.650594
125  129  0.0335851
125  173  0.277715
125  174  0.0526638
125  245  0.233196
125  246  0.0653985
125  248  0.0181071
125  253  0.0100312
125  254  0.0176213
125  256  0.0199632
125  264  0.535227
126  172  0.276561
126  173  0.0513567
126  237  0.0140153
126  244  0.212816
126  245  0.0533367
126  247  0.0143329
126  253  0.0144944
126  255  0.0161683
126  263  0.443809
127  171  0.265341
127  236  0.0159296
127  243  0.178354
127  262  0.330474
128  170  0.253057
128  171  0.0875807
128  235  0.017376
129  169  0.246794
129  170  0.0990886
129  234  0.0165907
130  169  0.0939199
130  260  0.108311
131  259  0.112602
131  274  0.104995
132  166  0.0181818
132  258  0.102793
132  273  0.0924541
133  257  0.077169
133  272  0.0762176
134  268  0.0164901
134  271  0.0601531
135  267  0.0172789
135  270  0.0359308
136  148  0.0107399
136  162  0.0263855
136  266  0.0158608
137  147  0.0106831
137  162  0.235531
137  165  0.0152403
137  178  0.0514381
138  146  0.010589
138  161  0.374134
138  163  0.158178
138  164  0.0158647
138  177  0.0585364
138  283  0.102461
138  287  0.334296
139  162  0.157118
139  176  0.0577836
139  282  0.0747325
139  286  0.113568
140  160  0.666522
140  174  0.0185818
140  175  0.0466485
140  281  0.0564815
140  285  0.0663346
141  159  0.697968
141  173  0.0342781
141  174  0.0358107
141  280  0.042397
141  284  0.0437054
142  158  0.687697
142  172  0.0500271
142  173  0.0255548
143  157  0.624234
143  171  0.0604237
144  170  0.0598948
145  155  0.664412
145  170  0.0182568
146  154  0.676249
146  169  0.0788555
147  153  0.663671
147  168  0.0792324
147  290  0.0111401
148  152  0.626224
148  156  0.0366613
148  167  0.0778448
148  289  0.0103022
148  297  0.0160155
149  155  0.0363905
150  154  0.0353823
153  162  0.0564599
153  299  0.0353368
154  161  0.0724611
154  175  0.0111807
154  298  0.0317698
154  301  0.0129937
155  160  0.05806
155  174  0.0110987
155  304  0.21679
156  296  0.0190089
156  303  0.0814097
156  305  0.0102602
157  172  0.0198787
157  295  0.0132009
157  302  0.0418352
158  171  0.0223817
159  170  0.0225451
159  308  0.0298839
160  169  0.0184172
160  306  0.480936
161  305  0.435158
162  232  0.027672
162  297  0.0225141
162  304  0.329001
162  309  0.0411254
163  170  0.110497
163  231  0.027404
163  296  0.0182844
163  303  0.215157
163  308  0.0139821
164  169  0.111402
164  193  0.0133548
164  230  0.0271667
164  303  0.0768857
164  305  0.0207671
164  308  0.391826
165  192  0.0133992
165  229  0.0257275
165  302  0.100056
165  304  0.0171914
165  307  0.307154
166  191  0.0132146
166  217  0.0302336
166  228  0.016614
166  303  0.013581
166  306  0.246588
167  190  0.0129898
167  216  0.034236
167  305  0.205319
168  266  0.130048
168  299  0.182306
168  303  0.0891145
169  214  0.0337455
169  227  0.0125162
169  246  0.0739956
169  265  0.232597
169  280  0.218924
169  284  0.0128019
169  298  0.177772
169  302  0.14242
170  213  0.0376208
170  226  0.0151983
170  245  0.0742688
170  264  0.224639
170  279  0.20943
170  283  0.0120934
170  297  0.161269
170  301  0.130228
170  317  0.0949302
171  225  0.0149954
171  244  0.0746081
171  263  0.21486
171  278  0.187951
171  300  0.114674
171  316  0.0554347
172  212  0.0450883
172  224  0.0144808
172  243  0.0720395
172  262  0.18718
172  299  0.089727
172  315  0.0326184
173  211  0.0488417
173  223  0.0128438
173  276  0.010662
174  210  0.0492397
174  260  0.127064
175  209  0.0487688
175  238  0.0421543
175  240  0.0755837
175  259  0.129078
175  274  0.0143855
175  276  0.114309
176  184  0.010188
176  186  0.0102555
176  208  0.0479586
176  237  0.046256
176  239  0.0772719
176  258  0.112584
176  273  0.0129146
176  275  0.120376
177  185  0.0101583
177  207  0.0463456
177  216  0.0154683
177  236  0.0414779
177  238  0.0746232
177  274  0.116432
178  206  0.0382834
178  215  0.0187179
178  237  0.0712885
178  273  0.10757
179  204  0.0395481
179  214  0.0195531
179  233  0.861063
179  272  0.0533939
180  203  0.0426131
180  213  0.0193489
180  232  0.924128
180  271  0.0360181
180  320  0.014356
181  202  0.042406
181  231  0.91026
181  319  0.0130654
182  201  0.039248
182  209  0.0358731
182  230  0.884657
182  276  0.0102755
182  318  0.0111956
183  208  0.0410301
183  229  0.865373
183  275  0.013005
184  207  0.040958
184  228  0.853529
184  274  0.012899
185  206  0.0404238
185  227  0.800967
185  270  0.0655875
185  273  0.0110052
186  205  0.0397867
186  269  0.0758822
187  204  0.0389805
187  225  0.165041
187  226  0.106284
187  242  0.0100823
187  268  0.0762053
188  199  0.125686
188  203  0.0337447
188  225  0.122133
188  241  0.0102975
188  267  0.074818
188  270  0.0104103
189  198  0.154701
189  202  0.0293856
189  223  0.562016
189  224  0.095906
189  266  0.0715492
189  269  0.0104319
190  197  0.162933
190  221  0.0116906
190  222  0.628095
190  264  0.0524086
190  265  0.0351897
191  196  0.153655
191  199  0.0190854
191  220  0.0117816
191  221  0.602664
191  239  0.0155778
191  263  0.0845735
192  198  0.0207285
192  238  0.0204736
192  262  0.082887
192  341  0.0215807
193  197  0.0199655
193  219  0.717602
193  237  0.0205305
193  261  0.0809574
193  333  0.0123539
194  218  0.634198
194  236  0.0200006
194  260  0.0766583
194  332  0.0102299
194  339  0.436388
195  217  0.540159
195  218  0.107841
195  235  0.0191504
195  259  0.0518401
195  338  0.471766
196  216  0.286082
196  217  0.188719
196  231  0.0300341
196  234  0.0115278
196  337  0.410604
197  216  0.257025
197  230  0.0637486
197  336  0.342343
198  215  0.183372
198  229  0.0630412
198  335  0.233476
199  216  0.192333
199  228  0.0621813
199  259  0.0116153
200  215  0.595808
200  227  0.0610783
200  258  0.0153923
201  214  0.798996
201  226  0.0597509
201  257  0.0152319
202  213  0.816494
202  225  0.0588614
202  256  0.0148999
203  212  0.802745
203  224  0.0578825
204  211  0.772726
204  223  0.0553419
205  222  0.0486056
205  277  0.0117364
206  276  0.014263
207  275  0.0147774
208  274  0.0145779
209  273  0.0142101
210  272  0.0135917
211  271  0.012348
216  246  0.208313
217  245  0.206413
218  244  0.203829
219  243  0.200538
222  240  0.161791
223  239  0.154413
223  242  0.0111667
224  237  0.15794
224  241  0.0116207
225  236  0.164492
226  235  0.163478
227  234  0.158465
227  238  0.018362
227  352  0.0153483
228  233  0.122956
228  237  0.0190093
228  300  0.0999243
228  351  0.0166474
229  236  0.018537
229  299  0.120536
229  350  0.014155
229  368  0.0521144
230  298  0.126132
230  334  0.0141883
230  348  0.117049
230  367  0.059438
230  371  0.0174688
230  378  0.411463
231  297  0.123161
231  333  0.0135157
231  347  0.11089
231  366  0.0506105
231  370  0.013134
231  377  0.214902
232  296  0.11967
232  376  0.144153
233  368  0.0427456
233  379  0.0716927
234  246  0.339845
234  279  0.240935
234  293  0.0114679
234  344  0.114523
234  367  0.0435362
234  373  0.0186319
234  378  0.0633983
234  383  0.0256516
235  245  0.336336
235  278  0.239835
235  292  0.0105923
235  343  0.109074
235  372  0.0145131
235  377  0.0423976
236  244  0.331047
236  277  0.236285
236  342  0.100897
236  365  0.0504793
237  243  0.322151
237  276  0.232312
237  341  0.0858517
237  364  0.0516465
238  242  0.220249
238  275  0.228085
238  363  0.0477413
239  274  0.223047
239  339  0.0106572
239  362  0.0433016
240  273  0.211498
240  361  0.0332118
240  370  0.024843
241  332  0.0182479
241  337  0.0180565
241  369  0.0265297
242  331  0.0210575
242  336  0.0157945
242  368  0.025666
243  270  0.0581334
243  333  0.12864
243  358  0.0107456
243  367  0.0235461
244  269  0.0496363
244  329  0.136198
244  332  0.125613
244  338  0.0303125
245  328  0.193124
245  331  0.105944
245  337  0.0387559
246  327  0.197333
246  336  0.038509
247  326  0.191744
247  329  0.180795
248  325  0.185725
248  328  0.209372
249  324  0.17965
249  327  0.20712
249  332  0.137994
249  341  0.0223841
250  323  0.17163
250  326  0.203237
250  331  0.187532
250  340  0.0292854
251  322  0.153433
251  325  0.199212
251  330  0.195484
251  339  0.0305184
252  321  0.104698
252  324  0.194661
252  329  0.193992
252  338  0.0305418
253  323  0.189684
253  328  0.190549
253  337  0.0299694
254  319  0.137338
254  322  0.180942
254  327  0.186225
254  336  0.0290992
255  318  0.132584
255  321  0.162631
255  326  0.162765
256  319  0.125168
257  318  0.108857
257  324  0.0146985
258  269  0.45552
258  315  0.184463
259  268  0.510917
259  314  0.188828
260  267  0.514924
260  313  0.18493
260  377  0.0677935
260  403  0.0105056
260  405  0.0216008
260  407  0.0212262
260  409  0.0626421
261  266  0.507843
261  312  0.179912
261  376  0.0729041
261  404  0.0178606
261  406  0.0140859
261  408  0.024336
261  410  0.0152723
262  375  0.0665868
262  403  0.013359
262  407  0.0125831
263  310  0.052193
265  308  0.145889
266  307  0.145726
266  371  0.0133698
267  306  0.143335
268  305  0.139878
269  304  0.136266
270  303  0.129801
272  311  0.0197378
273  310  0.0207927
273  364  0.079476
273  418  0.0875974
273  420  0.0700986
273  422  0.0412251
274  309  0.0206796
274  363  0.0827989
274  415  0.0128423
274  417  0.0811465
274  419  0.0651076
274  421  0.0337191
274  423  0.0706973
275  308  0.0203237
275  362  0.0805882
275  414  0.0111187
275  416  0.0651465
275  418  0.0494504
275  420  0.0222289
275  422  0.0282773
275  424  0.0549055
276  307  0.0198769
276  361  0.0755224
276  415  0.0542686
276  417  0.0392734
276  419  0.016478
276  421  0.0187621
276  423  0.0356846
276  425  0.0187198
277  306  0.0187649
277  329  0.0324111
277  414  0.0429807
277  416  0.0295719
277  418  0.0104866
277  420  0.0129853
277  422  0.021023
278  305  0.0144347
278  328  0.0419922
278  427  0.589742
279  327  0.0417181
279  356  0.0106116
279  412  0.0268643
279  414  0.0175874
279  420  0.0251474
279  424  0.0846219
279  426  0.305682
280  303  0.0107843
280  322  0.0351161
280  355  0.0102964
280  356  0.106155
280  420  0.0124709
280  422  0.0174825
280  424  0.123323
280  426  0.0295175
280  428  0.0334849
281  321  0.0384017
281  325  0.0115395
281  355  0.106348
281  410  0.0563708
281  412  0.0404619
281  414  0.0222656
281  416  0.0468686
281  418  0.126272
281  422  0.441146
281  424  0.132986
281  427  0.0157231
281  430  0.28296
282  320  0.0380918
282  354  0.114457
282  409  0.0645354
282  411  0.0488538
282  413  0.0288339
282  415  0.0637732
282  417  0.133806
282  421  0.470612
282  423  0.12284
282  429  0.248829
283  319  0.0348553
283  353  0.11052
283  408  0.0605715
283  410  0.0459821
283  412  0.0271095
283  414  0.0604149
283  416  0.121563
283  420  0.410999
283  422  0.102029
283  428  0.167133
283  430  0.0109336
283  432  0.019444
284  322  0.290609
284  352  0.105492
284  420  0.0705097
284  426  0.012759
284  428  0.0417883
285  310  0.0173421
285  321  0.297294
285  406  0.059369
285  408  0.0391863
285  410  0.0248241
285  412  0.0790539
285  414  0.114827
285  416  0.0308128
285  418  0.460464
285  424  0.0172137
285  426  0.126646
285  427  0.0272755
285  432  0.0146125
286  309  0.0188727
286  320  0.295465
286  351  0.0915755
286  405  0.0694098
286  407  0.0431127
286  409  0.028095
286  411  0.103814
286  413  0.131808
286  415  0.0460612
286  417  0.453043
286  423  0.0187685
286  425  0.125246
287  296  0.0209554
287  305  0.0109234
287  308  0.0186754
287  319  0.289019
287  350  0.0924224
287  404  0.0676216
287  406  0.0411555
287  408  0.0270677
287  410  0.10526
287  412  0.125122
287  414  0.0459345
287  416  0.419928
287  422  0.0166758
287  424  0.107444
287  426  0.0219191
287  430  0.382589
288  295  0.0170657
288  304  0.0114343
288  307  0.0179546
288  320  0.0118271
288  349  0.0702888
288  403  0.0636247
288  405  0.0385732
288  407  0.024825
288  409  0.0976604
288  411  0.115699
288  413  0.0422771
288  415  0.38315
288  421  0.0147013
288  423  0.0930318
288  425  0.0186899
288  429  0.302461
289  303  0.0113895
289  319  0.0133241
289  402  0.0598614
289  404  0.0361108
289  406  0.0219512
289  408  0.0898026
289  410  0.106769
289  412  0.0389093
289  414  0.350579
289  420  0.013072
289  422  0.0815881
289  424  0.0161363
289  428  0.248028
290  306  0.0151003
290  315  0.0445443
290  318  0.012385
290  427  0.209504
291  305  0.0150503
291  402  0.0142563
291  408  0.0283161
291  410  0.0175791
291  412  0.213861
291  420  0.0318151
291  422  0.010366
291  426  0.18055
292  328  0.026588
293  303  0.0102399
293  312  0.483669
293  327  0.0288955
293  410  0.159579
293  420  0.0179807
293  424  0.0750296
294  311  0.483174
294  326  0.028153
295  310  0.477738
295  325  0.0257155
295  408  0.0880419
295  418  0.0375566
295  422  0.0214898
295  424  0.0117823
296  309  0.469184
296  378  0.010312
296  405  0.0111721
296  407  0.183814
296  415  0.011529
296  417  0.0385833
296  421  0.0398386
296  423  0.0334693
296  445  0.757552
297  308  0.239635
297  406  0.176831
297  414  0.0108851
297  416  0.0358556
297  420  0.0341849
297  422  0.0318266
297  444  0.260109
298  308  0.230815
298  376  0.0108008
298  404  0.167998
298  414  0.029506
298  420  0.0324111
298  442  0.141514
298  447  0.0831523
299  307  0.445483
299  375  0.010189
299  403  0.160453
299  413  0.0261884
299  419  0.0307509
299  441  0.0859076
299  446  0.0255987
300  306  0.44609
300  323  0.0402156
300  402  0.139704
300  412  0.0193574
300  418  0.0243785
300  443  0.0265295
301  305  0.435841
301  319  0.0173161
301  322  0.0476319
301  442  0.0262117
301  444  0.0111269
302  318  0.0174036
302  321  0.0472468
302  368  0.25722
303  317  0.0165342
303  320  0.0411055
303  367  0.300033
303  399  0.150246
304  315  0.016783
304  318  0.056649
304  398  0.152973
305  314  0.0177674
305  317  0.0602497
305  366  0.357868
305  397  0.150592
306  313  0.0175659
306  316  0.0598563
306  365  0.355994
306  396  0.147654
307  312  0.0168057
307  315  0.0592261
307  364  0.351561
307  395  0.144133
308  314  0.0566404
308  363  0.34751
308  394  0.130183
309  362  0.340103
310  360  0.0771171
310  361  0.259269
310  393  0.125359
311  359  0.151199
311  360  0.178417
311  392  0.135234
312  358  0.223245
312  359  0.0772668
312  391  0.133735
313  356  0.266142
313  390  0.108223
314  355  0.309192
314  390  0.0208638
315  354  0.310033
315  389  0.0407324
316  337  0.0112973
316  353  0.306077
316  388  0.039634
317  336  0.0127158
317  350  0.0259741
317  352  0.297415
317  447  0.0425977
318  335  0.0125759
318  349  0.0290485
318  351  0.284189
318  381  0.0120195
318  386  0.0529723
318  446  0.028938
319  334  0.0117198
319  347  0.373541
319  348  0.0159173
319  380  0.0158337
319  385  0.0535707
319  445  0.021853
320  346  0.386569
320  350  0.0101252
320  379  0.0166687
320  444  0.0168495
321  345  0.383476
321  349  0.0114508
322  344  0.380023
322  348  0.0112722
322  378  0.079169
322  383  0.0432017
323  343  0.368165
323  377  0.0725268
323  382  0.0428474
324  342  0.280543
324  361  0.0127869
324  381  0.0417049
324  441  0.0116003
325  360  0.0145507
325  375  0.141699
325  380  0.0307079
325  440  0.0116771
326  335  0.0460974
326  345  0.0162078
326  359  0.0149285
326  374  0.169988
326  439  0.0109195
327  334  0.0480107
327  344  0.0176497
327  358  0.014881
327  373  0.169566
327  378  0.0215164
328  343  0.017158
328  357  0.0138742
328  372  0.16136
328  377  0.0200878
329  342  0.0138266
330  335  0.0121199
330  370  0.0109367
332  354  0.0126699
333  353  0.0139869
334  352  0.0138438
335  388  0.0131482
336  344  0.0152515
336  366  0.0473089
336  387  0.0148822
337  343  0.0148492
337  363  0.0266899
337  365  0.0476399
337  386  0.0137757
338  361  0.0120054
339  360  0.0125269
339  361  0.27817
340  360  0.317825
341  359  0.315519
344  356  0.506588
345  355  0.508128
346  354  0.507053
347  353  0.502933
347  356  0.0104135
347  376  0.0102097
348  352  0.490559
348  355  0.0103399
350  373  0.0126144
352  371  0.0171137
353  370  0.0168555
354  368  0.0150413
355  367  0.0255523
356  366  0.0252151
366  448  0.0506089
367  376  0.0917378
367  447  0.0440036
368  375  0.0878541
368  446  0.0268446
369  374  0.0604026
369  446  0.0259251
371  376  0.0126032
371  444  0.177279
372  443  0.15369
372  448  0.0144726
373  442  0.131924
373  444  0.0105429
373  447  0.0369003
373  448  0.0164377
376  391  0.0194813
376  445  0.0192698
377  443  0.0566087
377  448  0.0294626
378  390  0.0310584
378  414  0.0205616
378  416  0.0398421
378  442  0.0568818
378  447  0.0657539
379  389  0.0309368
379  413  0.0208913
379  415  0.0391691
379  441  0.040365
379  446  0.0430649
380  388  0.0279077
380  412  0.0194745
380  414  0.0364712
381  444  0.0241884
382  443  0.0263065
383  410  0.0175941
383  412  0.0122466
383  442  0.022787
383  448  0.0239245
384  408  0.0159186
384  410  0.027725
384  447  0.0129781
384  448  0.011114
385  408  0.208339
385  410  0.0457604
385  412  0.0162832
385  444  0.0332512
386  443  0.0286507
386  448  0.0454691
387  406  0.456282
387  408  0.149479
387  410  0.0393674
387  412  0.0148391
387  442  0.0242237
387  447  0.118014
387  448  0.010106
388  405  0.458853
388  407  0.150402
388  409  0.0408356
388  411  0.0147801
388  441  0.0140069
388  446  0.075982
389  404  0.44682
389  406  0.146197
389  408  0.0397913
389  410  0.0143172
390  403  0.446924
390  405  0.145379
390  407  0.0401334
390  409  0.0145657
390  445  0.0935549
391  402  0.439673
391  404  0.142823
391  406  0.0393976
391  408  0.0142826
391  444  0.0749823
392  443  0.0611926
393  402  0.0165771
393  442  0.0481509
394  402  0.0185445
394  404  0.025033
395  400  0.0153703
395  401  0.0203344
395  403  0.0288528
396  402  0.0280774
402  445  0.0121845
408  438  0.186925
408  439  0.0104063
410  437  0.956468
411  436  0.944404
412  435  0.937109
413  434  0.885121
414  433  0.848703
415  432  0.798447
416  431  0.755404
417  430  0.71531
418  429  0.678109
419  428  0.639474
419  434  0.0174595
419  436  0.0124954
420  433  0.0335309
420  435  0.0415497
420  437  0.0142216
421  432  0.0316314
421  434  0.0487898
421  436  0.0144953
422  431  0.0301948
422  433  0.0566962
422  435  0.0161044
423  430  0.027458
423  432  0.0533809
423  434  0.015885
424  431  0.05058
424  433  0.015987
425  430  0.0440604
425  432  0.0150229
426  431  0.0138413
438  447  0.0140653
