1  149  0.359644
2  150  0.148192
3  148  0.822328
4  147  0.924276
5  146  0.821848
6  145  0.719878
7  144  0.634319
8  143  0.552979
9  62  0.257098
9  142  0.501693
10  61  0.27395
10  141  0.455212
10  159  0.0295275
11  60  0.249376
11  160  0.016329
12  59  0.228716
12  139  0.385305
13  58  0.210936
13  138  0.356904
14  57  0.195221
14  137  0.32247
14  157  0.777764
14  162  0.425077
15  51  0.138826
15  55  0.0120208
15  156  0.642288
15  161  0.267355
16  50  0.130312
16  54  0.0137423
16  55  0.0247168
16  142  0.0248326
16  155  0.526672
16  160  0.178542
17  49  0.123023
17  53  0.0140361
17  54  0.0185481
17  137  0.117917
17  141  0.0257837
17  154  0.443884
17  159  0.129737
18  48  0.109093
18  52  0.0137239
18  136  0.109298
18  140  0.0242762
19  139  0.0223981
20  134  0.366706
20  155  0.014026
20  167  0.0269069
21  47  0.112369
21  133  0.374616
21  153  0.536865
21  166  0.0200761
22  46  0.122278
22  132  0.358025
22  152  0.494726
23  45  0.123228
23  131  0.342885
23  151  0.452578
23  164  0.0336967
24  44  0.118108
24  129  0.0400071
24  130  0.289147
24  150  0.412768
25  43  0.110804
25  128  0.0756517
25  129  0.204382
26  38  0.0948418
26  124  0.0361293
26  125  0.0144656
26  126  0.0152001
26  127  0.0758389
26  149  0.0232123
26  161  0.317481
27  37  0.0935603
27  122  0.539746
27  126  0.0299455
27  160  0.288249
28  36  0.0911991
28  121  0.694954
28  159  0.260925
28  170  0.0469654
29  35  0.0877137
29  120  0.674788
29  158  0.236078
29  169  0.0874872
30  119  0.65196
30  168  0.0602513
31  118  0.629776
31  167  0.0379219
31  168  0.118987
32  117  0.611
32  155  0.184379
32  167  0.165738
33  116  0.593089
33  154  0.175258
33  165  0.0324651
33  166  0.167728
34  45  0.0201898
34  96  0.0132587
34  115  0.572107
34  153  0.160828
34  164  0.0293391
34  165  0.148499
35  44  0.019457
35  95  0.0122442
35  114  0.550826
36  95  0.0259588
37  93  0.0490514
37  94  0.0335966
38  93  0.0326563
39  91  0.439619
40  61  0.0246799
40  90  0.514797
40  158  0.0162444
40  159  0.0149736
40  187  0.0995938
41  60  0.0237628
41  89  0.499592
41  186  0.0580919
42  63  0.0560887
42  185  0.0287269
43  62  0.0801155
43  155  0.0448688
44  57  0.0336443
44  60  0.0230599
44  61  0.080921
44  86  0.468045
44  154  0.0462553
44  190  0.458953
45  56  0.0330186
45  59  0.0411482
45  85  0.465948
45  189  0.307123
46  55  0.0319232
46  84  0.455658
46  188  0.186847
47  58  0.118127
47  83  0.445505
47  152  0.220315
48  57  0.125782
48  82  0.436846
48  151  0.248363
49  56  0.12342
49  81  0.42746
49  150  0.237909
50  79  0.394717
50  197  0.814566
51  71  0.0161284
51  78  0.397786
51  196  0.717591
52  70  0.0158783
52  77  0.385543
52  147  0.195852
52  195  0.504167
53  69  0.01134
53  76  0.365207
53  146  0.203381
53  193  0.569042
53  202  0.145947
54  69  0.175763
54  145  0.199577
54  146  0.0103138
54  192  0.554186
54  198  0.023674
54  201  0.169349
55  68  0.186133
55  144  0.191263
55  191  0.516417
55  197  0.0270058
55  200  0.116257
56  67  0.191124
56  73  0.0440124
56  190  0.461377
56  199  0.0851863
57  66  0.188191
57  71  0.120652
57  72  0.0420794
57  143  0.206188
57  189  0.410124
57  196  0.530368
58  65  0.175492
58  70  0.119845
58  142  0.20544
58  188  0.366161
58  195  0.483538
59  141  0.202791
59  187  0.323266
59  194  0.433538
59  203  0.0184987
59  208  0.0992593
60  68  0.09588
60  140  0.199386
60  193  0.38236
60  204  0.0186367
60  207  0.0294765
61  66  0.0910187
61  69  0.0393693
61  139  0.194689
61  192  0.341559
61  202  0.357317
61  207  0.0121598
62  68  0.0381013
62  138  0.0954449
62  191  0.196727
62  201  0.300348
63  138  0.0934066
63  152  0.215374
63  191  0.0233874
63  193  0.0122505
63  200  0.254841
64  137  0.183531
64  149  0.0197339
64  151  0.293141
64  190  0.0419497
64  199  0.221853
65  136  0.180252
65  148  0.0194528
65  150  0.284056
65  189  0.0369357
65  191  0.0823368
65  198  0.188444
66  135  0.163691
66  147  0.019142
66  149  0.280205
66  188  0.0124173
66  190  0.13889
67  146  0.0185177
67  148  0.275175
67  189  0.129188
67  196  0.0403589
68  134  0.165406
68  147  0.259109
68  188  0.121007
68  195  0.0412008
68  217  0.263514
69  133  0.172456
69  187  0.109923
69  194  0.0362949
69  216  0.142401
70  132  0.168393
70  143  0.0999112
70  193  0.030178
70  196  0.0292768
70  215  0.0843512
71  131  0.154805
71  142  0.274356
71  159  0.0151241
71  162  0.0191665
71  195  0.125175
71  213  0.0146161
71  214  0.0446008
72  96  0.210199
72  141  0.283775
72  158  0.0146514
72  161  0.01866
72  194  0.125988
72  212  0.0118606
73  95  0.216271
73  129  0.0202172
73  130  0.017801
73  140  0.279884
73  193  0.11925
74  94  0.246234
74  128  0.0119101
74  129  0.0183121
74  139  0.275573
74  192  0.114129
75  93  0.265252
75  128  0.0179171
75  138  0.271995
75  191  0.10768
76  92  0.265597
76  127  0.0172834
76  137  0.268891
76  156  0.0139484
76  190  0.101929
76  225  0.0610035
77  91  0.262745
77  128  0.0146972
77  136  0.264412
77  189  0.0913907
77  224  0.018969
78  90  0.259723
78  125  0.0140138
78  127  0.0175427
78  135  0.253622
78  153  0.0113498
78  154  0.030327
78  156  0.0176415
78  187  0.0248632
78  188  0.0180326
78  223  0.0101691
78  225  0.111916
78  227  0.619377
79  89  0.253331
79  110  0.0141082
79  124  0.0140542
79  126  0.0174639
79  134  0.236534
79  155  0.0162363
79  186  0.0209178
79  226  0.206689
80  88  0.243582
80  109  0.0171163
80  123  0.0134326
80  132  0.195167
80  152  0.093015
80  224  0.417333
80  228  0.516225
81  108  0.0196954
81  110  0.015118
81  124  0.0248579
81  131  0.196826
81  151  0.104588
81  223  0.438969
81  227  0.427072
82  109  0.0167595
82  123  0.025833
82  130  0.193399
82  150  0.102127
82  222  0.351657
82  230  0.074405
83  92  0.0109227
83  107  0.037398
83  108  0.0128763
83  122  0.0215335
83  149  0.100867
83  221  0.290069
83  225  0.506852
84  91  0.0117333
84  106  0.040771
84  128  0.140417
84  148  0.0993958
84  220  0.246486
84  224  0.407232
84  228  0.179409
85  90  0.0120915
85  120  0.0180284
85  127  0.11174
85  147  0.0968136
85  216  0.0394516
85  223  0.340098
85  225  0.010957
85  227  0.179386
86  123  0.0265118
86  146  0.0846925
86  215  0.0358758
86  222  0.284419
87  103  0.0517194
87  117  0.115587
87  122  0.0265653
87  125  0.0154414
87  142  0.0243153
87  214  0.0327639
87  217  0.141272
87  221  0.223682
87  226  0.176584
88  102  0.0546987
88  116  0.126598
88  121  0.0256053
88  124  0.0123287
88  141  0.0244771
88  213  0.0294376
88  216  0.12982
88  223  0.0346492
88  225  0.160062
89  101  0.0542381
89  140  0.0238001
89  144  0.06108
89  215  0.109759
89  220  0.0164782
89  222  0.0187464
89  224  0.137985
90  100  0.0536795
90  114  0.127348
90  123  0.0248728
90  139  0.0222707
90  143  0.0612943
90  222  0.152157
91  99  0.0528165
91  113  0.118606
91  115  0.0256643
91  122  0.0207932
91  142  0.0492352
91  221  0.13803
92  98  0.0507611
92  114  0.0307382
92  211  0.0356624
92  219  0.21312
92  220  0.0644944
93  113  0.030722
93  118  0.0138921
93  210  0.0382716
93  214  0.0125746
93  218  0.292593
94  111  0.352647
94  117  0.0141047
94  209  0.0390933
94  217  0.27889
95  110  0.533436
95  116  0.0131186
95  151  0.0390895
95  208  0.0373402
95  212  0.0335399
95  216  0.259265
96  109  0.562639
96  114  0.0126945
96  150  0.0385631
96  207  0.0352731
96  211  0.0327665
96  245  0.0754041
97  108  0.604549
97  113  0.0127435
97  149  0.0310093
97  154  0.049387
97  210  0.0295304
97  213  0.576709
98  107  0.598523
98  112  0.0126143
98  149  0.0141856
98  151  0.0111635
98  153  0.0488282
98  209  0.0232195
98  212  0.547434
98  243  0.0155502
99  106  0.58009
99  148  0.0212685
99  150  0.0113915
99  152  0.0477975
99  211  0.516183
99  242  0.0112784
100  111  0.0109221
100  147  0.0192818
100  149  0.0122073
100  151  0.0466535
100  208  0.0255393
100  210  0.478377
101  110  0.01242
101  203  0.0207096
101  209  0.45406
102  109  0.0124074
102  145  0.10511
102  150  0.0145433
102  202  0.0220991
102  207  0.456645
103  144  0.10725
103  201  0.0208147
103  205  0.0111655
103  206  0.43226
104  143  0.106841
104  148  0.0114858
104  204  0.016459
104  205  0.344344
105  142  0.105926
105  147  0.0102847
105  203  0.0195902
106  141  0.103942
106  203  0.373782
107  145  0.0198219
107  202  0.366471
107  255  0.0369417
107  256  0.115487
108  143  0.0430718
108  200  0.383708
108  254  0.0187997
108  255  0.0397979
109  141  0.0157138
109  142  0.039573
109  199  0.374767
110  198  0.362365
110  253  0.0127864
111  140  0.200816
111  197  0.350992
112  129  0.0108516
112  139  0.238657
112  196  0.336432
113  128  0.0107573
113  132  0.0400419
113  138  0.239318
113  148  0.040921
114  131  0.0506856
114  137  0.237673
114  141  0.0124768
114  147  0.0542155
114  194  0.316356
115  130  0.0503367
115  136  0.221678
115  140  0.0125019
115  146  0.0552458
115  193  0.311247
116  129  0.0512067
116  139  0.0123819
116  145  0.05524
116  192  0.302586
116  264  0.33855
116  265  0.0472111
117  128  0.0492605
117  138  0.0115369
117  144  0.0543178
117  191  0.258049
117  263  0.170851
117  264  0.0155921
118  132  0.0192154
118  143  0.0502976
118  262  0.112893
118  267  0.770424
119  132  0.031316
119  261  0.0810516
119  266  0.836426
120  130  0.309576
120  150  0.0158941
120  260  0.0516841
120  265  0.662468
121  129  0.317717
121  139  0.0807044
121  259  0.0278692
121  264  0.473562
122  128  0.30902
122  138  0.0830756
122  148  0.167452
122  263  0.281155
123  127  0.212447
123  131  0.0103471
123  137  0.0825765
123  147  0.288466
124  130  0.0100333
124  136  0.0787683
124  146  0.301219
125  145  0.30638
126  144  0.311542
127  143  0.311312
128  142  0.309932
129  141  0.305931
130  278  0.0102395
131  139  0.0566775
133  139  0.0120702
136  278  0.036147
136  282  0.0128061
137  189  0.0149185
137  277  0.0376873
137  285  0.0470597
138  188  0.0147567
138  276  0.0304019
138  280  0.311482
138  282  0.0672364
138  284  0.0218503
139  187  0.014474
139  275  0.0243059
139  279  0.420587
139  281  0.0604345
139  283  0.0112027
139  287  0.831837
140  186  0.012156
140  271  0.0164769
140  274  0.016804
140  278  0.387135
140  280  0.0439313
140  286  0.433921
141  270  0.0169172
141  277  0.33433
141  285  0.291361
142  269  0.0152223
142  277  0.064079
143  156  0.0826439
143  276  0.403579
143  283  0.126676
143  291  0.0178306
143  292  0.42466
144  155  0.0826013
144  275  0.420526
144  282  0.129921
144  288  0.3021
145  154  0.0814426
145  274  0.414001
145  281  0.111582
145  287  0.241749
145  291  0.809616
146  273  0.38859
146  280  0.088227
146  286  0.191366
146  290  0.555236
147  272  0.360358
147  285  0.152282
147  289  0.416815
148  271  0.333976
148  278  0.0528136
148  284  0.0535701
148  288  0.316857
149  251  0.0928281
149  264  0.0659855
149  265  0.0102619
149  270  0.307897
149  277  0.051896
150  190  0.055585
150  250  0.110483
150  276  0.0191666
150  286  0.229295
150  290  0.022517
151  189  0.0547253
151  249  0.126227
151  264  0.015399
151  269  0.0343682
151  285  0.208789
151  289  0.0213465
152  188  0.0499459
152  248  0.134423
152  271  0.0113913
152  284  0.0681072
152  288  0.0142908
153  247  0.135633
153  255  0.0142752
153  260  0.943625
153  265  0.0162407
153  270  0.0116869
154  239  0.0404324
154  246  0.130518
154  254  0.0139651
154  259  0.95532
154  264  0.0152773
154  269  0.0110118
155  238  0.0466957
155  245  0.113793
155  253  0.0134296
155  258  0.95044
155  263  0.0138038
156  237  0.0490911
156  244  0.108402
156  245  0.0158374
156  246  0.0254413
156  252  0.0129021
156  257  0.953425
157  236  0.0478815
157  244  0.0153671
157  245  0.0282111
157  251  0.0123798
157  256  0.971621
158  235  0.0465643
158  244  0.0274291
158  255  0.943614
158  260  0.0127529
159  234  0.0449754
159  239  0.210128
159  254  0.909647
159  259  0.012267
160  238  0.213528
160  253  0.877523
160  258  0.0117849
161  237  0.210946
161  247  0.0140764
161  252  0.84777
161  257  0.0112437
162  236  0.205152
162  246  0.015848
162  247  0.0115444
162  251  0.816962
162  256  0.0107856
163  235  0.199525
163  245  0.0153705
163  246  0.0168085
163  247  0.388879
163  249  0.355732
163  255  0.0103554
164  234  0.192086
164  244  0.0147838
164  245  0.016338
164  246  0.397961
164  247  0.376028
165  232  0.0396549
165  244  0.0157339
165  245  0.386968
165  246  0.366209
166  230  0.0370028
166  244  0.374954
166  245  0.355467
167  229  0.0333778
167  244  0.296681
168  175  0.0629682
168  184  0.566281
168  228  0.0104506
168  242  0.01148
169  174  0.0700671
169  183  0.703809
169  317  0.0121995
170  182  0.804759
171  181  0.817402
172  180  0.810277
173  179  0.795792
174  178  0.712969
175  250  0.0145646
176  249  0.0157186
177  248  0.0157576
178  247  0.0153879
179  327  0.0214207
179  328  0.0683222
180  245  0.0134931
181  244  0.0126721
181  326  0.724284
182  323  0.0454146
182  325  0.80392
182  331  0.0258791
183  241  0.411805
183  322  0.070589
183  324  0.626195
183  330  0.0124063
184  240  0.475905
184  321  0.0662417
184  323  0.511144
185  198  0.0606051
185  239  0.51219
185  320  0.0584145
186  197  0.0863783
186  238  0.536545
186  319  0.0518667
187  196  0.0879084
187  237  0.529832
187  313  0.0830943
187  318  0.0454216
187  320  0.33523
188  224  0.0982407
188  236  0.516042
188  312  0.0788693
188  317  0.0322169
188  319  0.293922
188  326  0.0181897
189  208  0.0111049
189  212  0.0325633
189  223  0.133461
189  311  0.0736919
189  325  0.020446
190  207  0.0109339
190  211  0.0323962
190  222  0.131351
190  234  0.499921
190  310  0.068727
190  316  0.0155724
190  317  0.216469
191  210  0.0294378
191  221  0.125903
191  233  0.489324
191  309  0.050669
191  315  0.0113663
191  323  0.0200515
191  331  0.0274957
191  333  0.0200166
191  340  0.0815226
192  209  0.0234179
192  315  0.174755
192  322  0.0228024
192  330  0.0264143
192  332  0.0190969
192  334  0.0105565
192  336  0.0158966
192  339  0.0361985
193  203  0.0419365
193  217  0.0103631
193  231  0.469762
193  314  0.212496
193  321  0.0212705
193  329  0.0207713
193  331  0.0144479
193  335  0.0127372
193  342  0.042512
194  202  0.0441191
194  207  0.0239794
194  230  0.464815
194  313  0.204162
194  320  0.0195719
194  341  0.016698
195  201  0.0431556
195  206  0.0233545
195  215  0.0156197
195  228  0.0774083
195  229  0.356329
195  312  0.187015
195  319  0.0170379
195  326  0.0249125
195  337  0.145075
196  214  0.0158144
196  216  0.0250329
196  227  0.151053
196  306  0.0168672
196  311  0.134394
196  325  0.0250522
196  330  0.0225032
196  332  0.0322477
196  335  0.0110817
196  336  0.144562
196  345  0.180428
197  226  0.140662
197  305  0.0154656
197  324  0.0219519
197  329  0.0193665
197  331  0.0266523
197  334  0.0108801
197  335  0.122846
197  344  0.0549523
198  323  0.0140898
198  328  0.0125264
198  334  0.0982436
198  342  0.299822
198  344  0.0148692
199  211  0.271516
199  222  0.0116328
199  341  0.243481
199  343  0.0120754
200  210  0.278308
200  218  0.0321181
200  223  0.0295517
200  225  0.0142791
200  227  0.268284
200  328  0.0109728
200  329  0.0296041
200  330  0.029397
200  332  0.123154
200  339  0.0144767
200  340  0.17471
201  209  0.27736
201  217  0.0388585
201  226  0.271128
201  307  0.0139642
201  327  0.0115717
201  328  0.0342154
201  329  0.0243885
201  331  0.111055
202  208  0.273775
202  216  0.0387837
202  221  0.0603555
202  223  0.0334581
202  225  0.268878
202  306  0.0135712
202  325  0.0150509
202  327  0.0371808
202  328  0.0182424
202  330  0.0988744
202  338  0.176081
203  207  0.236315
203  215  0.0379306
203  220  0.063109
203  222  0.033037
203  224  0.254554
203  326  0.0421756
203  337  0.155545
204  214  0.033715
204  221  0.0276681
204  305  0.0104038
204  324  0.117694
204  329  0.0104443
204  336  0.135646
205  218  0.0953152
205  304  0.0106158
205  323  0.137106
205  335  0.116089
206  217  0.109206
206  322  0.138556
206  334  0.0899461
207  216  0.108515
207  223  0.236016
207  240  0.0928206
207  321  0.13562
207  333  0.0353697
208  222  0.232605
208  239  0.108887
208  320  0.12942
209  220  0.0848679
209  238  0.106601
209  319  0.113237
210  219  0.0915758
210  220  0.0222196
210  224  0.0223909
210  237  0.102237
210  318  0.0696967
211  218  0.0758558
211  223  0.0349323
212  222  0.0326735
212  235  0.0959644
212  236  0.0270491
212  316  0.0160881
212  317  0.0631136
212  318  0.0130415
213  234  0.0944351
213  235  0.0270806
213  316  0.060539
213  317  0.0128796
214  232  0.083605
214  234  0.0265442
214  316  0.0119579
215  231  0.0931442
215  233  0.0261399
215  240  0.014663
215  314  0.0662118
216  230  0.0925223
216  232  0.0255276
216  239  0.0171632
216  313  0.0725951
217  229  0.0902627
217  238  0.0168207
217  312  0.0649727
218  228  0.0759671
218  237  0.0154293
219  324  0.0226189
220  226  0.0102177
220  323  0.0311793
222  233  0.118121
222  321  0.159756
222  344  0.0121381
222  368  0.0988256
223  232  0.125794
223  234  0.0126031
223  320  0.174438
223  343  0.0131355
223  367  0.0663025
224  231  0.124669
224  233  0.0146306
224  314  0.0168201
224  342  0.0122889
224  366  0.0378627
225  230  0.122121
225  232  0.0152362
225  313  0.0209688
225  318  0.42123
225  341  0.0114827
226  312  0.019826
226  317  0.428112
227  316  0.460472
228  315  0.446067
229  314  0.384921
230  311  0.417928
231  310  0.412701
231  312  0.254829
232  309  0.453945
232  311  0.244161
233  308  0.495013
233  310  0.199058
234  307  0.656142
234  309  0.0222896
234  379  0.0189061
235  306  0.671809
235  307  0.0145369
235  378  0.014407
236  305  0.65226
236  306  0.0151051
236  307  0.0153855
236  377  0.0114757
236  380  0.0106562
236  385  0.689541
237  304  0.641982
237  305  0.0134817
237  306  0.0168512
237  384  0.344777
237  386  0.987736
238  303  0.630154
238  304  0.0119192
238  305  0.0162601
238  383  0.205658
238  385  0.579949
239  302  0.617009
239  304  0.0134748
239  384  0.408614
240  301  0.48305
240  382  0.28719
241  343  0.0475049
241  381  0.298371
241  382  0.112984
241  389  0.386172
241  390  0.0878508
242  342  0.0465164
242  380  0.242822
242  388  0.18691
242  391  0.123554
243  301  0.187887
243  341  0.0444906
243  389  0.0780757
243  390  0.0510497
244  298  0.0163872
244  299  0.332369
244  300  0.336679
244  340  0.0430982
244  378  0.109154
244  379  0.177915
244  386  0.0488042
244  387  0.161974
244  388  0.202337
244  393  0.3039
245  297  0.015961
245  298  0.354963
245  299  0.318291
245  339  0.0419365
245  377  0.109951
245  378  0.154812
245  385  0.0394625
245  386  0.125496
245  387  0.166691
245  388  0.0242343
245  392  0.102242
245  393  0.151832
246  296  0.0147796
246  297  0.347991
246  298  0.312639
246  338  0.0402708
246  376  0.0978748
246  377  0.139317
246  384  0.0402785
246  385  0.0718543
246  386  0.130612
246  387  0.0191267
246  391  0.0280532
246  392  0.0761811
247  296  0.320653
247  297  0.305925
247  311  0.18498
247  376  0.0948083
247  384  0.0205237
248  310  0.190122
248  375  0.0747415
249  294  0.612022
249  309  0.249117
250  293  0.620787
250  308  0.259748
251  292  0.61195
251  307  0.26835
252  291  0.600544
252  306  0.273961
253  288  0.0543086
253  290  0.532253
253  305  0.268917
254  287  0.136282
254  288  0.0122071
254  304  0.264721
255  286  0.135837
255  287  0.0147667
255  288  0.417495
255  303  0.266859
256  287  0.409729
256  302  0.264558
257  284  0.332581
257  286  0.174529
257  300  0.307593
258  283  0.477595
258  299  0.312199
259  282  0.529933
259  298  0.31332
260  281  0.536622
260  297  0.309201
261  280  0.530191
261  296  0.303599
262  279  0.522604
262  284  0.0760453
262  295  0.296274
263  278  0.511983
263  282  0.0102061
263  283  0.0963082
263  294  0.2837
263  299  0.0361775
264  282  0.107739
264  292  0.289113
264  298  0.0471572
265  276  0.496653
265  281  0.111609
265  291  0.285451
265  297  0.0468137
266  275  0.496269
266  280  0.110207
266  284  0.0127809
266  290  0.253372
266  296  0.0459374
267  274  0.480148
267  279  0.108338
267  283  0.0206809
267  295  0.0448557
268  273  0.430396
268  278  0.105169
268  282  0.0218038
268  288  0.226999
268  294  0.0428737
269  281  0.0218092
269  287  0.238319
269  288  0.015676
269  292  0.044174
270  276  0.0913027
270  280  0.0183429
270  281  0.010013
270  286  0.200248
270  287  0.0156996
270  291  0.0435547
271  285  0.17735
272  284  0.181027
272  290  0.0125545
273  289  0.0123469
276  417  0.023053
277  416  0.025404
277  425  0.493659
278  415  0.021183
278  424  0.248592
279  414  0.0167496
279  423  0.136063
281  421  0.0494205
283  430  0.0158571
284  417  0.354232
284  429  0.0147915
285  368  0.0231794
285  416  0.422401
285  428  0.0113573
286  367  0.0193097
286  415  0.38246
287  414  0.347942
287  436  0.407411
288  367  0.0369417
288  417  0.0466549
288  435  0.139505
289  366  0.187736
289  416  0.0573211
289  434  0.0819198
289  438  0.659518
290  365  0.206784
290  415  0.0526572
290  437  0.224739
291  364  0.233242
291  414  0.0478744
291  436  0.134439
292  362  0.27788
293  361  0.285572
294  360  0.28314
295  359  0.276842
295  360  0.0374996
296  358  0.2606
296  359  0.0511395
297  358  0.0529822
299  355  0.394944
300  354  0.418847
301  314  0.0136941
301  353  0.410432
302  313  0.0149767
303  312  0.0144497
304  350  0.423159
305  349  0.431222
306  348  0.428389
307  347  0.382612
308  344  0.362409
308  413  0.0158685
309  343  0.395733
309  412  0.0181474
309  429  0.0136768
310  342  0.415697
310  376  0.0351834
310  411  0.0185225
310  428  0.0158497
311  341  0.415503
311  375  0.034963
311  381  0.0251938
311  410  0.0181186
312  340  0.41192
312  380  0.0252735
312  409  0.0158453
312  426  0.0161699
312  443  0.0127199
313  338  0.0228032
313  339  0.38711
313  376  0.077321
313  379  0.0242449
313  425  0.0163251
313  442  0.0120444
314  337  0.0397763
314  374  0.233137
314  375  0.0660914
314  424  0.0155541
314  441  0.010292
314  448  0.0114772
315  337  0.204166
315  373  0.278052
315  374  0.0563403
315  423  0.0145894
315  447  0.0134632
316  332  0.0509028
316  334  0.164112
316  336  0.200198
316  372  0.429909
316  422  0.0134172
316  446  0.0197956
317  331  0.0515178
317  333  0.212375
317  335  0.178354
317  371  0.472398
317  445  0.0212814
318  330  0.0525421
318  332  0.222488
318  334  0.175312
318  370  0.476697
318  420  0.0122858
318  444  0.0245278
319  329  0.0512911
319  331  0.221234
319  333  0.174429
319  369  0.480031
319  419  0.0119193
319  443  0.0219684
320  328  0.0460606
320  330  0.218595
320  332  0.172346
320  368  0.477178
320  418  0.0114755
320  442  0.0202095
321  358  0.0169698
321  367  0.453594
321  441  0.0174999
322  357  0.0420196
322  440  0.0148361
323  356  0.0490217
323  365  0.0152907
323  439  0.010767
324  355  0.0511122
324  365  0.457654
325  354  0.051204
325  362  0.0255357
325  364  0.483195
326  353  0.0504198
326  361  0.0252624
326  363  0.476373
327  352  0.0443617
327  360  0.0230071
327  362  0.434792
328  350  0.0364147
328  360  0.0398899
329  349  0.0424779
329  359  0.0493816
329  360  0.0893593
330  348  0.0423151
330  358  0.0502279
331  347  0.0386619
331  357  0.0457823
331  359  0.431105
332  358  0.460896
333  355  0.0264819
333  357  0.456392
334  354  0.024305
334  356  0.452856
335  355  0.447563
336  352  0.0173928
336  354  0.43609
337  351  0.017801
337  353  0.363784
339  348  0.36102
340  347  0.361235
340  352  0.0645919
341  346  0.352929
341  351  0.0762318
342  350  0.074989
342  439  0.0389244
343  438  0.0679887
344  437  0.0624306
345  436  0.0568706
348  433  0.0188267
348  434  0.0313486
349  432  0.0184274
349  433  0.0293098
350  431  0.0175042
350  432  0.0264072
351  430  0.0159732
353  429  0.038955
354  428  0.0390249
355  427  0.0361056
356  420  0.0784598
356  426  0.0280204
356  446  0.110533
357  419  0.0884134
357  422  0.0306796
357  445  0.0975835
358  418  0.0865411
358  420  0.0222202
358  428  0.0117796
358  444  0.0799783
359  419  0.0256214
359  420  0.0401671
359  427  0.0112401
359  443  0.0600705
360  419  0.0394722
360  426  0.0103351
361  408  0.0109764
361  417  0.398763
362  407  0.011711
362  416  0.525682
363  406  0.0114579
363  415  0.520076
364  405  0.0111407
365  404  0.0103269
365  413  0.652677
366  412  0.671502
367  399  0.0218997
367  403  0.0176721
367  411  0.742322
368  398  0.0218258
368  402  0.0164414
368  410  0.732104
369  397  0.0204743
369  401  0.0120497
371  395  0.0206001
371  402  0.0619037
371  436  0.0271793
372  394  0.0204145
372  401  0.0660678
372  406  0.713649
372  435  0.0258615
373  386  0.0168477
373  393  0.0202562
373  400  0.085487
373  405  0.847271
373  434  0.0241893
374  385  0.0180604
374  404  0.859974
374  433  0.0194298
375  383  0.0353558
375  384  0.018279
375  391  0.0284604
375  399  0.150937
375  403  0.85879
376  382  0.0560857
376  390  0.0302701
376  398  0.14339
376  402  0.839452
377  381  0.054545
377  389  0.0297068
377  398  0.0813574
377  401  0.768851
378  397  0.224959
378  398  0.0126699
379  395  0.832798
379  398  0.01092
380  394  0.836958
381  387  0.0175913
381  393  0.832403
381  400  0.132043
382  386  0.0168166
382  392  0.817448
382  399  0.129588
383  390  0.305149
383  398  0.0173765
384  389  0.31812
384  390  0.439977
384  398  0.104879
385  389  0.351582
385  397  0.100357
387  395  0.113227
388  394  0.111724
389  393  0.106296
401  426  0.0172881
402  425  0.0194101
404  424  0.0904942
405  423  0.119957
406  422  0.122053
407  421  0.119741
408  420  0.110816
409  417  0.0119235
409  439  0.025145
410  416  0.0130941
410  418  0.0866041
410  438  0.0367968
411  415  0.0103259
411  417  0.0797018
411  437  0.027836
413  435  0.0360723
414  434  0.0411766
415  433  0.0369906
419  430  0.178772
419  436  0.0175207
419  440  0.121118
420  429  0.225894
420  435  0.0266429
420  439  0.140253
421  428  0.226906
421  434  0.028147
421  438  0.135243
422  437  0.111931
425  436  0.0582472
426  435  0.0533832
427  437  0.0197914
427  448  0.031476
428  436  0.0219243
428  447  0.0308808
429  446  0.0202513
432  448  0.0104207
433  448  0.288035
434  447  0.282091
435  445  0.132433
435  446  0.139013
436  444  0.150614
436  445  0.063433
437  443  0.114201
438  447  0.0729619
439  446  0.0478163
440  445  0.0273434
