1  16  0.166663
2  15  0.1331
2  150  0.0161531
3  14  0.0888847
4  13  0.066645
4  148  0.779891
5  39  0.0506417
5  58  0.0491145
5  135  0.0326932
5  147  0.628506
6  15  0.0208052
6  38  0.0550609
6  57  0.0707901
6  134  0.0379315
6  146  0.524322
7  14  0.0179265
7  37  0.0470412
7  56  0.0648311
7  145  0.44821
7  152  0.0800408
7  155  0.113771
8  13  0.0149145
8  16  0.0757007
8  55  0.0570599
8  132  0.189267
8  143  0.0125811
8  151  0.0573768
8  154  0.0463779
8  157  0.176406
9  15  0.079648
9  35  0.0372136
9  54  0.0507555
9  131  0.190029
9  150  0.0401727
9  156  0.149659
10  14  0.07067
10  34  0.0336585
10  53  0.0456303
10  152  0.0463455
10  155  0.0899197
11  33  0.029329
11  151  0.0371304
11  154  0.0544541
12  52  0.0316551
12  129  0.644195
12  150  0.027542
13  31  0.0192733
13  51  0.0304457
13  128  0.749297
13  147  0.0605495
14  50  0.0240988
14  127  0.702182
14  146  0.0627808
15  126  0.655184
15  145  0.0597441
15  164  0.0733834
16  125  0.512719
16  139  0.0107775
16  144  0.0331863
16  163  0.0211407
17  48  0.0374657
17  125  0.0135785
17  138  0.0123697
17  144  0.0299096
18  28  0.133894
18  47  0.0396317
18  137  0.0114391
18  143  0.0483488
19  27  0.158051
19  46  0.0381509
19  124  0.521675
19  142  0.0463652
20  26  0.146078
20  45  0.0350729
20  123  0.499466
20  141  0.0433724
21  25  0.0808229
21  44  0.031849
21  122  0.474695
21  136  0.0667804
21  140  0.0330862
22  43  0.0265577
22  121  0.451908
22  135  0.0833142
22  139  0.0220111
22  171  0.0221545
23  42  0.0153729
23  120  0.431556
23  134  0.0852779
23  168  0.581447
24  119  0.409407
24  133  0.0793931
24  167  0.471968
25  118  0.342653
25  132  0.0650889
25  166  0.372368
26  165  0.308872
27  37  0.0134375
27  164  0.265692
28  36  0.0119347
28  163  0.198528
28  176  0.0169893
29  115  0.255378
29  168  0.0266834
29  175  0.011535
30  114  0.296621
30  167  0.0265557
31  113  0.293087
31  160  0.0121129
31  166  0.0233678
32  112  0.241998
33  58  0.584865
33  171  0.0338665
34  57  0.735215
34  170  0.0310829
35  56  0.742508
36  55  0.722163
36  109  0.0501201
36  157  0.0292878
37  54  0.703078
37  101  0.0177678
37  107  0.0151105
37  108  0.0526886
37  156  0.0432793
37  167  0.0444288
38  53  0.68441
38  100  0.0185059
38  155  0.0407308
38  166  0.0451631
39  99  0.0180143
39  106  0.131853
39  154  0.0332824
39  165  0.0413902
40  98  0.0175567
40  105  0.132441
40  164  0.0382347
41  50  0.359034
41  97  0.0167715
41  104  0.128097
41  163  0.0332442
42  49  0.35004
42  96  0.0136715
42  103  0.112411
43  155  0.0137153
44  100  0.0962326
44  154  0.025647
45  99  0.117019
45  153  0.0346434
45  182  0.139535
46  98  0.116039
46  152  0.0333842
46  164  0.0108432
46  181  0.140237
47  97  0.112546
47  178  0.0157094
47  180  0.113336
48  96  0.0988384
48  151  0.0383666
48  177  0.0225677
48  197  0.0608514
49  150  0.0381508
49  176  0.021078
49  178  0.0401537
49  183  0.0321784
49  196  0.027123
50  149  0.0375433
50  153  0.0500729
50  161  0.0359416
50  177  0.0360564
50  182  0.0346143
51  148  0.0362441
51  152  0.0527034
51  160  0.0390235
51  181  0.0319572
52  61  0.0125493
52  63  0.011877
52  92  0.0584653
52  151  0.0507616
52  159  0.0372319
52  200  0.0265917
53  60  0.014579
53  62  0.0144689
53  91  0.0602666
53  93  0.0258602
53  146  0.0293218
53  150  0.048148
53  158  0.035524
53  178  0.0148949
53  191  0.451967
53  199  0.020384
53  201  0.22027
54  59  0.0125348
54  61  0.0130724
54  92  0.0271449
54  145  0.0286958
54  149  0.0463032
54  157  0.0290114
54  172  0.0955318
54  177  0.0160434
54  190  0.454682
54  198  0.0119933
54  200  0.109827
55  144  0.0266662
55  147  0.0498456
55  171  0.099194
55  176  0.0126931
55  189  0.411822
56  90  0.0950731
56  146  0.0527881
56  156  0.013893
56  170  0.094412
56  174  0.0124247
56  188  0.367322
56  199  0.334217
57  89  0.107471
57  145  0.0506993
57  155  0.0128251
57  169  0.0829535
57  173  0.0139223
57  187  0.290306
57  198  0.260007
58  88  0.112431
58  172  0.0136316
58  197  0.207843
59  87  0.123782
59  167  0.0642165
59  171  0.0120257
59  185  0.0131914
59  196  0.153975
60  86  0.1276
60  88  0.0109223
60  166  0.0625927
61  85  0.123601
61  87  0.0110462
61  210  0.0436601
62  86  0.0109845
62  164  0.0482073
62  209  0.0211286
63  83  0.113301
63  163  0.0438103
63  168  0.0117274
64  82  0.124567
65  73  0.0111206
65  81  0.123146
65  161  0.0316785
65  166  0.0703374
66  72  0.0117109
66  80  0.12162
66  160  0.0312698
66  165  0.128558
67  71  0.011381
67  79  0.119622
67  105  0.0144114
67  164  0.124059
68  104  0.0145299
68  133  0.0335763
68  163  0.0962032
68  215  0.0309814
69  103  0.014052
69  132  0.038151
69  214  0.0237506
70  213  0.0166177
71  102  0.0157585
71  131  0.834446
71  213  0.0280689
72  101  0.0155436
72  130  0.832155
72  212  0.0486631
73  129  0.819796
73  211  0.0412003
74  127  0.125071
74  128  0.689537
74  199  0.0112157
74  210  0.0353223
75  98  0.014741
75  126  0.236408
75  209  0.0310437
76  97  0.0132619
76  125  0.112883
77  196  0.108548
78  125  0.650492
78  195  0.124391
78  196  0.0236277
79  124  0.772404
79  194  0.124097
79  195  0.0353857
79  196  0.0125244
80  95  0.0143015
80  123  0.76288
80  193  0.117056
80  194  0.0396059
80  195  0.0245202
80  229  0.0792503
81  94  0.0141884
81  122  0.756393
81  192  0.112133
81  193  0.0376739
81  194  0.0288796
81  228  0.0262496
82  93  0.0138864
82  121  0.747377
82  191  0.106393
82  192  0.0349482
82  193  0.0270853
82  205  0.038456
83  92  0.0119873
83  190  0.096427
83  204  0.039773
84  160  0.0137633
84  203  0.0413771
85  118  0.7382
85  159  0.0188521
85  187  0.0127153
85  190  0.0111148
85  202  0.0438779
86  117  0.737967
86  158  0.0209557
86  186  0.0129886
86  188  0.142499
86  201  0.0424596
87  109  0.019231
87  116  0.727269
87  157  0.0203417
87  187  0.137561
87  200  0.0399565
87  236  0.0910815
88  108  0.0367259
88  115  0.712318
88  156  0.0196541
88  184  0.012531
88  186  0.131743
88  199  0.0372554
88  235  0.0978994
89  107  0.0448324
89  114  0.683331
89  183  0.0175863
89  185  0.110886
89  234  0.0563303
89  238  0.0499841
90  99  0.0102767
90  106  0.0493949
90  113  0.305903
90  182  0.0315431
90  233  0.0268084
90  237  0.0207485
91  98  0.0121821
91  105  0.0506649
91  113  0.346844
91  181  0.031264
91  236  0.0152271
92  104  0.048908
92  107  0.0685655
92  108  0.0443333
92  112  0.34965
92  180  0.0234433
92  183  0.0246702
92  238  0.0136586
93  103  0.0421077
93  106  0.0831863
93  110  0.0103917
93  111  0.303944
93  153  0.0165437
93  182  0.0248866
94  105  0.0440875
94  152  0.017086
94  181  0.0217264
94  237  0.0683926
95  105  0.488894
95  236  0.0540882
96  104  0.526505
96  107  0.0671383
96  119  0.0130857
96  133  0.0133961
96  150  0.0371161
97  103  0.521477
97  106  0.0751328
97  109  0.0429679
97  118  0.0153464
97  132  0.0157541
97  149  0.0401634
98  102  0.500274
98  108  0.0446855
98  117  0.0159313
98  130  0.081115
98  240  0.0775509
99  104  0.0503469
99  107  0.0432572
99  115  0.0107048
99  129  0.0889746
99  147  0.0586735
99  239  0.090432
100  114  0.0114095
100  128  0.0864579
100  146  0.0627091
100  238  0.0967156
101  145  0.0340414
101  237  0.0860365
102  113  0.0326278
102  126  0.0827815
102  145  0.0375414
102  236  0.0746476
103  112  0.0382468
103  125  0.0796073
103  144  0.0650217
104  111  0.0375497
104  143  0.0647699
104  253  0.145704
105  124  0.0920346
105  142  0.0627717
105  252  0.0872422
106  123  0.0896166
106  141  0.057323
106  251  0.0498962
108  137  0.0166659
108  249  0.0245414
109  120  0.0261223
109  121  0.0570981
109  136  0.0175871
109  140  0.0223113
109  248  0.0207819
110  119  0.0238752
110  120  0.0631884
110  135  0.0164238
110  139  0.0274613
110  247  0.0164833
111  119  0.0649898
111  133  0.0242999
111  138  0.0279621
111  246  0.0105277
112  118  0.0642681
112  132  0.0261151
112  137  0.0276966
113  117  0.0463203
113  131  0.0255679
113  136  0.0257293
113  262  0.586628
116  259  0.305255
117  126  0.0256511
117  258  0.279676
118  125  0.0214113
118  257  0.228826
119  256  0.192033
120  255  0.161173
121  254  0.133277
122  253  0.0874142
123  271  0.0122613
123  272  0.0366881
125  157  0.0511707
125  271  0.0387524
126  146  0.0180368
126  156  0.0666324
126  269  0.601116
126  270  0.0191671
127  145  0.0175742
127  155  0.0656857
127  266  0.0672832
127  267  0.0451154
127  268  0.583785
128  265  0.0578223
128  266  0.038296
128  267  0.482507
128  268  0.0560948
129  153  0.0623927
129  264  0.0447889
129  265  0.0296893
129  266  0.340721
129  267  0.0513672
130  152  0.0636005
130  165  0.0162181
130  265  0.290514
130  266  0.111305
130  277  0.0425921
131  164  0.0164425
131  265  0.0975998
131  276  0.0263332
132  150  0.0671579
132  163  0.015939
132  167  0.0195582
132  263  0.0167186
132  278  0.42769
133  149  0.0743464
133  161  0.0276053
133  166  0.0210977
133  277  0.337808
134  148  0.074492
134  160  0.029335
134  165  0.0239817
134  166  0.015857
134  209  0.0107529
134  276  0.308237
134  277  0.0886758
135  159  0.0267723
135  164  0.0224535
135  165  0.016096
135  207  0.038264
135  275  0.218417
135  276  0.067581
136  143  0.017764
136  145  0.0382696
136  164  0.0163869
136  206  0.0478816
136  258  0.181554
136  274  0.0978154
136  275  0.0270247
137  142  0.0189172
137  144  0.0418674
137  150  0.0117578
137  163  0.0155155
137  205  0.0497702
137  257  0.194243
137  278  0.0345069
138  143  0.0401396
138  149  0.0121631
138  155  0.0300617
138  161  0.0102925
138  204  0.0483428
138  256  0.183932
138  274  0.0324283
138  275  0.459441
138  276  0.0144132
138  277  0.0317327
139  148  0.0120649
139  154  0.0473123
139  160  0.0111489
139  161  0.0117379
139  203  0.045591
139  255  0.173267
139  273  0.0460817
139  274  0.627668
139  275  0.0309257
139  276  0.0294145
140  153  0.0524557
140  159  0.0103718
140  160  0.0121375
140  161  0.0731558
140  202  0.0376679
140  254  0.160361
140  272  0.0439499
140  273  0.656455
140  274  0.0329775
140  275  0.0283187
141  152  0.0524936
141  160  0.0865473
141  198  0.013312
141  253  0.127197
141  271  0.0323845
141  272  0.605907
141  273  0.0297665
141  274  0.0251454
142  151  0.0529565
142  159  0.0815189
142  197  0.0142661
142  271  0.550037
142  272  0.0175348
142  273  0.0180699
143  150  0.0524974
143  196  0.0134649
143  251  0.0173802
143  269  0.0310314
143  270  0.439208
144  149  0.0510809
144  157  0.347228
144  249  0.0389073
144  268  0.0350054
145  156  0.429504
145  248  0.0403965
145  269  0.450618
146  155  0.423669
146  266  0.0340855
146  267  0.0573062
146  268  0.454442
146  287  0.196335
147  154  0.412048
147  265  0.0290225
147  266  0.0508309
147  267  0.414607
147  286  0.161982
148  192  0.0219495
148  245  0.396228
148  285  0.133596
149  191  0.0229545
149  244  0.368697
150  190  0.0232282
150  264  0.762498
151  189  0.0224562
151  242  0.403915
151  263  0.807182
152  186  0.0122475
152  188  0.0197097
152  241  0.464146
152  262  0.781051
153  185  0.0133895
153  240  0.458807
153  261  0.744055
154  184  0.0131772
154  239  0.451613
154  260  0.708292
155  183  0.0106245
155  238  0.443944
155  259  0.680012
156  237  0.431417
156  258  0.652401
156  304  0.0671441
157  257  0.625549
157  303  0.0343319
158  181  0.32222
158  236  0.091289
158  256  0.598113
158  302  0.0228673
159  180  0.323377
159  234  0.299823
159  308  0.165392
160  179  0.319666
160  307  0.0783056
161  178  0.309143
161  232  0.457388
161  306  0.0428675
162  231  0.46289
162  305  0.0283612
163  172  0.0454173
163  177  0.265647
163  230  0.452534
163  253  0.498955
163  304  0.0121207
164  171  0.0512607
164  176  0.271048
164  180  0.0103598
164  229  0.439002
164  252  0.518634
165  170  0.0513608
165  175  0.267996
165  179  0.0113586
165  226  0.0369306
165  228  0.408328
165  251  0.502499
166  174  0.266407
166  178  0.0113664
166  199  0.0471302
166  225  0.256478
166  250  0.488025
167  173  0.258193
167  177  0.0107456
167  198  0.0467466
167  224  0.254986
167  249  0.457791
168  172  0.176602
168  197  0.045339
168  223  0.246393
169  196  0.0408795
169  222  0.220644
169  247  0.0266961
171  220  0.175822
171  223  0.0360119
172  184  0.0250087
172  193  0.0146644
172  219  0.175662
172  222  0.0386868
172  244  0.0551469
173  183  0.0306243
173  192  0.0137815
173  218  0.154925
173  221  0.0390554
173  243  0.0578838
174  182  0.0310757
174  220  0.0367354
175  181  0.0301317
176  197  0.0116987
176  214  0.0138105
177  196  0.0114994
177  213  0.0137242
177  215  0.0430747
177  217  0.0109388
177  239  0.0472917
178  214  0.0449979
178  288  0.170045
178  327  0.0458302
179  237  0.370022
179  287  0.184178
179  326  0.023877
180  187  0.0239346
180  236  0.36374
180  286  0.175567
180  325  0.0136183
181  186  0.0276839
181  192  0.016532
181  194  0.0165642
181  211  0.107733
181  212  0.0726957
181  235  0.363369
181  284  0.0135435
181  285  0.153461
182  191  0.0199637
182  193  0.0161271
182  210  0.119929
182  211  0.0651613
182  234  0.350535
182  283  0.0246597
183  190  0.0195836
183  209  0.123465
183  233  0.0517264
183  282  0.020684
183  327  0.0179492
184  208  0.120015
184  209  0.0199272
184  326  0.0184705
185  207  0.112102
185  208  0.0220602
185  325  0.0180498
186  209  0.0119333
186  233  0.329583
186  304  0.0200906
186  324  0.0154694
187  210  0.0173235
187  232  0.364472
187  303  0.0193491
187  323  0.0100063
188  209  0.0181157
188  231  0.358445
188  302  0.0183492
189  206  0.180714
189  208  0.0128679
189  230  0.329759
189  301  0.0166882
190  205  0.193173
191  204  0.192226
191  299  0.0120308
192  203  0.18815
192  227  0.0886755
192  298  0.0121531
193  202  0.175776
193  297  0.0118715
193  327  0.014686
193  342  0.0148815
194  296  0.0113908
194  326  0.0171918
195  224  0.23928
195  325  0.015371
196  223  0.265374
196  324  0.0129837
197  222  0.257908
197  260  0.0623296
198  221  0.221037
198  234  0.0217153
198  259  0.0810212
198  340  0.0151689
199  233  0.0247239
199  258  0.0819277
199  339  0.0135635
199  341  0.438207
200  219  0.078658
200  232  0.024314
200  257  0.0798707
200  340  0.356876
201  231  0.023776
201  256  0.0774873
201  339  0.297138
202  217  0.233296
203  216  0.267489
203  222  0.362824
204  215  0.269162
204  221  0.429358
205  214  0.266141
205  220  0.440628
206  213  0.244167
206  219  0.435773
207  218  0.428296
208  217  0.418683
208  226  0.0299019
208  345  0.0694472
209  216  0.362328
209  225  0.0326151
209  344  0.0669058
210  224  0.0314892
210  343  0.0590231
211  223  0.0263073
211  342  0.0527724
212  341  0.0474983
213  360  0.016872
214  221  0.0103453
214  359  0.0128968
215  220  0.0100207
216  360  0.0156103
217  355  0.0158518
218  354  0.0188452
218  358  0.238405
219  353  0.0176857
219  357  0.254297
219  360  0.478762
220  352  0.0157459
220  356  0.229862
220  359  0.46059
221  351  0.0138643
221  355  0.201814
221  358  0.39927
222  350  0.0117495
222  354  0.162549
222  357  0.347868
223  356  0.291039
224  232  0.0189931
224  257  0.0198314
224  352  0.153954
225  231  0.020909
225  256  0.0211374
225  351  0.148218
226  230  0.0167871
226  255  0.0196313
226  350  0.134645
226  353  0.351532
227  238  0.0899713
227  306  0.104963
227  352  0.349743
228  237  0.103416
228  305  0.131889
228  351  0.323815
229  236  0.101942
229  304  0.131138
229  324  0.0206389
229  346  0.0127195
230  251  0.0296494
230  303  0.127289
230  323  0.0201239
230  345  0.0120939
230  362  0.0127586
230  378  0.0408588
231  250  0.0320842
231  322  0.0192654
231  344  0.0114537
231  361  0.0174274
231  377  0.0263468
231  379  0.011708
232  249  0.031456
232  301  0.121182
232  343  0.0104982
232  349  0.723053
232  360  0.0164465
232  376  0.0153965
233  248  0.0286626
233  300  0.119258
233  321  0.018012
233  348  0.933636
233  359  0.0153125
233  377  0.0104622
234  299  0.116267
234  320  0.0172386
234  347  0.928451
234  358  0.0141729
235  298  0.11307
235  346  0.909219
235  357  0.01314
236  245  0.0165974
236  246  0.0117589
236  280  0.0206822
236  281  0.0375528
236  319  0.0174597
236  329  0.0238425
236  345  0.864516
236  378  0.0291147
236  379  0.0110044
236  383  0.0398092
237  244  0.0145281
237  245  0.0120954
237  279  0.0204432
237  280  0.036666
237  318  0.016948
237  328  0.0232604
237  344  0.82567
237  377  0.031855
237  379  0.0470812
237  382  0.0216206
237  383  0.0252074
237  386  0.0406455
238  317  0.014334
238  327  0.0225424
238  343  0.748371
238  376  0.0236107
238  385  0.0136062
239  293  0.0900195
239  326  0.0216782
239  342  0.620857
239  343  0.033219
239  375  0.0178763
240  277  0.0474105
240  292  0.0914942
240  325  0.0209205
240  341  0.486106
240  342  0.0639766
240  374  0.0113029
240  376  0.0747176
241  256  0.0611093
241  276  0.0594453
241  277  0.0111428
241  291  0.0914504
241  324  0.020091
241  339  0.0367012
241  341  0.0917146
241  375  0.0746534
242  255  0.0634004
242  275  0.058559
242  276  0.0111965
242  290  0.0904599
242  339  0.0110574
242  374  0.0659425
243  254  0.0626385
243  274  0.0561449
243  275  0.0113308
243  289  0.0886941
243  373  0.0560043
244  253  0.0588726
244  273  0.0479198
244  274  0.010107
244  288  0.0872256
244  372  0.0380893
244  376  0.230674
244  393  0.0166375
245  256  0.121023
245  287  0.0856511
245  375  0.244924
246  255  0.124312
246  272  0.0310161
246  273  0.0103788
246  286  0.0682387
246  374  0.222403
246  393  0.013421
246  395  0.120078
247  254  0.118809
247  271  0.0282371
247  272  0.0197327
247  342  0.0159013
247  373  0.201883
247  394  0.0767558
247  395  0.033453
248  253  0.0925534
248  258  0.0360876
248  271  0.020554
248  337  0.0120602
248  341  0.017932
248  372  0.180172
248  393  0.0536177
248  394  0.0257209
249  257  0.0698413
249  269  0.0953203
249  270  0.0102344
249  336  0.0126609
249  340  0.0212065
249  371  0.138615
250  256  0.0744853
250  268  0.109876
250  339  0.020141
250  392  0.225072
251  255  0.0597222
251  267  0.108127
251  334  0.0252967
251  342  0.122068
251  391  0.17774
251  393  0.0124116
252  266  0.106496
252  333  0.0377924
252  341  0.133565
252  346  0.0102048
252  392  0.0111683
252  401  0.0383472
253  332  0.0306775
253  340  0.123245
253  389  0.147552
254  331  0.0223119
254  332  0.0244133
254  388  0.158186
255  263  0.102295
255  331  0.0343062
255  387  0.144357
255  399  0.746629
256  262  0.103269
256  329  0.0176673
256  330  0.0399221
256  338  0.0959347
256  340  0.0318033
256  386  0.130977
256  398  0.669247
257  301  0.0196385
257  337  0.0930981
257  339  0.305435
257  385  0.108972
258  300  0.0263321
258  328  0.0725875
258  336  0.0854966
258  338  0.703376
258  396  0.555506
259  290  0.0197236
259  299  0.0258459
259  327  0.0719939
259  337  0.681637
259  395  0.542526
259  404  0.0469469
260  289  0.0227696
260  298  0.0252695
260  326  0.0707856
260  394  0.504407
260  403  0.0591758
261  288  0.0254662
261  297  0.0250793
261  325  0.0700908
261  393  0.458698
261  402  0.0544181
262  287  0.0254017
262  296  0.0246896
262  324  0.0668994
262  334  0.830769
262  392  0.414476
262  401  0.0457055
263  286  0.0235056
263  295  0.0231124
263  333  0.827996
263  391  0.376605
263  400  0.0386528
264  294  0.0117429
264  323  0.0698768
264  332  0.815001
264  390  0.344512
264  399  0.033392
264  412  0.0105033
264  413  0.277763
265  281  0.122249
265  322  0.0714933
265  331  0.804361
265  389  0.315433
265  398  0.0291677
265  412  0.200757
266  280  0.120725
266  281  0.0473281
266  321  0.0698255
266  330  0.790426
266  388  0.292174
266  397  0.018028
266  411  0.140313
267  279  0.118819
267  280  0.0476114
267  319  0.0675531
267  329  0.772522
267  336  0.0331288
267  387  0.274573
267  410  0.0952649
268  278  0.0901667
268  279  0.0469041
268  318  0.0662438
268  328  0.755335
268  335  0.0454352
268  386  0.258562
268  409  0.0751274
269  277  0.0644086
269  317  0.0567618
269  327  0.733047
269  334  0.0445909
269  385  0.241166
269  408  0.0621793
270  276  0.0627184
270  326  0.667159
270  333  0.0434879
270  384  0.190906
270  407  0.0517308
271  332  0.041735
271  406  0.0399039
272  331  0.0382169
272  382  0.0894839
273  323  0.0112381
273  381  0.0847985
275  323  0.577006
275  331  0.0104356
276  285  0.13923
276  319  0.024543
276  322  0.579948
276  329  0.0822928
276  378  0.131729
276  422  0.0634803
277  284  0.13745
277  318  0.0241845
277  321  0.568332
277  328  0.0842916
277  377  0.137223
277  421  0.0608296
278  290  0.0110746
278  317  0.0221509
278  320  0.499462
278  327  0.0857934
278  376  0.132061
278  420  0.0491586
278  426  0.0262982
279  287  0.0113432
279  289  0.022068
279  326  0.0837323
279  375  0.126106
279  419  0.0383959
279  424  0.0324683
279  425  0.14977
279  426  0.803373
280  287  0.0220358
280  289  0.011375
280  296  0.0178564
280  418  0.0298296
280  419  0.0388968
280  424  0.103761
280  425  0.560857
281  287  0.0384028
281  296  0.0111983
281  324  0.0711086
281  418  0.0353658
281  424  0.401031
282  294  0.0983701
282  323  0.0651169
282  417  0.03047
282  421  0.423989
283  290  0.0421374
283  293  0.119487
283  420  0.480469
284  289  0.0469134
284  292  0.124451
284  419  0.448972
285  291  0.122669
285  324  0.02451
285  418  0.396605
286  323  0.0256693
286  416  0.0536598
286  417  0.288074
287  318  0.0591477
287  319  0.0908767
287  322  0.0249828
287  413  0.0659382
287  415  0.0937197
287  416  0.121836
288  412  0.0796881
288  416  0.0181455
289  316  0.322765
289  318  0.0296284
289  319  0.0326446
289  411  0.0751015
289  413  0.121059
289  415  0.0223494
290  410  0.0635979
290  412  0.125075
290  413  0.0253991
291  315  0.903179
291  411  0.117498
291  412  0.0237834
292  314  0.90306
292  410  0.108737
292  411  0.0223373
293  313  0.89627
293  409  0.100683
293  410  0.0179583
294  312  0.883546
294  408  0.0866404
295  311  0.870872
296  310  0.855089
296  316  0.0103617
296  338  0.0162024
297  308  0.252307
297  309  0.591657
297  336  0.0726744
298  307  0.494012
298  308  0.33642
298  314  0.0298415
298  335  0.0752404
298  441  0.0207315
299  306  0.490775
299  307  0.326926
299  313  0.0307506
299  440  0.016021
300  305  0.723858
300  312  0.0347989
300  333  0.0743879
300  447  0.0107537
301  306  0.0290573
301  311  0.0345118
301  332  0.0698551
302  310  0.0341535
302  318  0.0152856
302  330  0.0108163
302  331  0.0581926
303  317  0.0152622
303  442  0.0102336
304  316  0.0144976
304  329  0.0763624
305  315  0.013663
305  328  0.0759173
306  327  0.0753731
307  312  0.0106539
307  326  0.0747602
308  325  0.0706827
309  324  0.0639537
311  320  0.0121903
312  319  0.0122118
312  321  0.0519472
313  320  0.0462371
316  341  0.0188461
316  437  0.064928
317  340  0.0188038
317  436  0.0635482
317  438  0.0851466
318  339  0.018518
318  435  0.0436719
318  437  0.0696095
319  341  0.0262529
319  435  0.15912
319  437  0.832089
320  340  0.0261485
320  434  0.168265
320  436  0.820897
321  339  0.0254203
321  433  0.105398
321  435  0.77069
322  334  0.0198598
322  433  0.883796
323  333  0.0196793
323  432  0.911176
324  332  0.0217475
324  430  0.127493
324  431  0.862211
325  331  0.0221125
325  336  0.0204786
325  429  0.591702
325  430  0.410148
326  330  0.0210026
326  335  0.0228021
326  428  0.96122
327  427  0.92318
328  334  0.0225484
328  426  0.883286
329  333  0.0220442
329  425  0.84637
330  424  0.812402
331  385  0.0158294
331  423  0.650899
332  384  0.0250085
332  423  0.0161521
333  338  0.0131818
333  383  0.026908
333  421  0.0179717
333  422  0.0288726
334  382  0.0245366
334  421  0.0307761
335  375  0.0148171
335  419  0.537699
336  374  0.0141931
336  418  0.519927
337  417  0.48032
339  371  0.0371168
339  377  0.0242504
339  381  0.169051
339  386  0.0397922
339  415  0.475259
340  370  0.0393442
340  376  0.0235601
340  380  0.185799
340  384  0.0732582
340  385  0.0206076
340  414  0.460406
341  369  0.0396131
341  379  0.189491
341  383  0.104377
341  413  0.428367
342  368  0.0344306
342  378  0.179405
342  382  0.102459
342  412  0.368912
343  352  0.0259562
343  367  0.0111762
343  381  0.0958341
344  351  0.027742
344  375  0.188544
344  392  0.0282832
345  350  0.0270002
345  370  0.174964
345  372  0.010659
345  374  0.180593
345  380  0.0839146
345  391  0.0282128
346  369  0.21146
346  371  0.011146
346  379  0.0851622
346  390  0.0275534
346  410  0.0126167
346  411  0.0108911
347  368  0.168161
347  371  0.120107
347  378  0.0777394
347  389  0.0249345
347  409  0.0125444
348  370  0.132577
348  408  0.0113662
349  368  0.500995
349  388  0.0238431
350  367  0.856669
350  387  0.0293285
351  366  0.897774
351  386  0.029996
352  365  0.886947
352  385  0.0270179
353  364  0.87456
354  363  0.860097
354  382  0.0500661
355  362  0.800708
355  371  0.0221706
355  381  0.0594859
356  370  0.0244468
356  380  0.060424
357  369  0.0246666
357  379  0.0599939
358  368  0.0237391
358  378  0.0566469
361  375  0.0277494
362  373  0.0101092
362  374  0.0349783
363  373  0.0356516
364  372  0.0351838
365  371  0.0316287
368  376  0.0134278
369  375  0.0203732
373  413  0.0214222
374  412  0.0271225
375  383  0.0616156
375  411  0.0300504
376  382  0.0550949
376  410  0.0283496
380  406  0.0167828
380  409  0.0150318
381  405  0.0181722
381  408  0.0158994
382  404  0.0175498
382  407  0.0145112
387  403  0.714382
388  402  0.863665
389  401  0.868092
390  400  0.86527
391  399  0.853338
392  398  0.836573
393  397  0.621052
401  411  0.0134084
402  410  0.0129935
403  409  0.0106746
406  423  0.1254
407  422  0.185696
408  421  0.192576
409  420  0.188205
410  419  0.182296
411  418  0.177529
440  448  0.547231
441  447  0.295929
442  446  0.129687
