1  24  0.176696
1  29  0.0606737
1  30  0.146891
1  34  0.0312431
1  40  0.262816
1  49  0.0116424
1  113  0.150574
2  23  0.30819
2  28  0.0238592
2  29  0.172966
2  33  0.0164589
2  39  0.14037
2  48  0.011524
2  112  0.0773538
3  22  0.20798
3  26  0.0433394
3  28  0.10605
3  32  0.0100661
3  38  0.0935017
3  111  0.0462542
4  21  0.15652
4  25  0.0383047
4  26  0.563471
4  37  0.0696311
5  20  0.124834
5  24  0.0331469
5  25  0.578831
5  30  0.0271588
5  36  0.0542659
5  41  0.0699001
6  23  0.0276337
6  24  0.599443
6  28  0.0111744
6  29  0.0273407
6  34  0.0555057
6  40  0.114303
7  18  0.0905863
7  22  0.0227839
7  23  0.584673
7  28  0.018571
7  29  0.0126128
7  33  0.0491675
7  39  0.103506
7  48  0.0189448
8  17  0.0807918
8  21  0.0193915
8  22  0.512525
8  26  0.145553
8  32  0.0388436
8  38  0.0904697
8  47  0.0167504
9  16  0.0708543
9  20  0.0120044
9  21  0.454354
9  25  0.166643
9  26  0.0424825
9  37  0.0799202
9  46  0.0149028
10  15  0.0581453
10  20  0.402604
10  24  0.165534
10  25  0.045761
10  30  0.0354438
10  36  0.0699499
10  45  0.0132776
11  18  0.0112785
11  23  0.153405
11  24  0.045556
11  29  0.0345744
11  34  0.0875276
11  44  0.0119751
12  17  0.0109962
12  18  0.299156
12  22  0.119938
12  23  0.0424023
12  28  0.0270462
12  33  0.0803622
13  27  0.0228121
14  20  0.033289
14  21  0.019862
14  26  0.0219716
14  32  0.0202678
15  19  0.026849
15  31  0.0188899
17  102  0.0246527
18  101  0.0304062
18  159  0.023053
19  158  0.025404
19  167  0.493659
20  99  0.0307656
20  157  0.021183
20  166  0.248592
21  98  0.0309472
21  102  0.0211965
21  156  0.0167496
21  165  0.136063
22  97  0.0300183
22  101  0.0273639
23  96  0.0286658
23  100  0.0272255
23  163  0.0494205
24  99  0.0258046
25  98  0.0233444
25  172  0.0158571
26  159  0.354232
26  171  0.0147915
27  110  0.0507334
27  112  0.0154109
27  158  0.422401
27  170  0.0113573
28  91  0.0232563
28  109  0.0419714
28  157  0.38246
29  90  0.0235645
29  156  0.347942
29  178  0.407411
30  89  0.0227606
30  109  0.078671
30  159  0.0466549
30  177  0.139505
31  88  0.0218548
31  108  0.38903
31  158  0.0573211
31  176  0.0819198
31  180  0.659518
32  107  0.429596
32  157  0.0526572
32  179  0.224739
33  106  0.490199
33  156  0.0478744
33  178  0.134439
34  85  0.0142174
34  104  0.600623
34  106  0.0114972
35  84  0.0131745
35  103  0.617359
35  105  0.0112429
36  83  0.0120772
36  102  0.610837
37  62  0.0201357
37  101  0.595537
37  102  0.0856579
38  61  0.0289666
38  100  0.558618
38  101  0.116248
39  60  0.0297614
39  100  0.119788
40  59  0.0292233
41  58  0.0265623
41  97  0.843065
42  96  0.876218
43  56  0.0331475
43  95  0.846979
44  55  0.0350054
44  193  0.0345566
45  54  0.0332591
46  92  0.802721
46  191  0.0223284
46  195  0.0311394
47  91  0.796475
47  190  0.021659
47  194  0.0145369
47  195  0.114087
48  90  0.781103
48  189  0.0173049
48  193  0.0106607
48  194  0.0714267
49  89  0.69016
49  156  0.0273598
49  193  0.0433751
50  86  0.65495
50  155  0.0411561
51  85  0.707899
51  154  0.0425335
51  171  0.0707612
51  195  0.0322769
51  200  0.0107384
52  84  0.735806
52  153  0.0417537
52  170  0.083709
53  83  0.729554
53  152  0.040201
53  193  0.0405328
53  194  0.0493745
54  82  0.715277
54  151  0.0346972
54  168  0.0980483
54  185  0.016464
55  80  0.0346627
55  81  0.665901
55  149  0.0168126
55  167  0.10701
55  184  0.0162912
55  192  0.202656
55  199  0.122723
56  79  0.0636919
56  116  0.024789
56  148  0.013413
56  166  0.100977
56  183  0.01453
56  190  0.0649447
56  191  0.158672
56  198  0.0894855
57  79  0.344189
57  115  0.0379462
57  165  0.0938711
57  182  0.0117257
57  189  0.0787898
57  190  0.120244
57  197  0.061455
57  204  0.0320055
58  74  0.0270319
58  76  0.261285
58  78  0.334441
58  114  0.123994
58  164  0.0855899
58  188  0.13412
59  73  0.0272398
59  75  0.321753
59  77  0.295374
59  113  0.167313
59  187  0.159818
59  188  0.0140209
59  202  0.0224622
60  72  0.0283688
60  74  0.330756
60  76  0.287885
60  112  0.166647
60  162  0.0772171
60  186  0.165309
60  201  0.0225066
61  71  0.0274541
61  73  0.325451
61  75  0.283656
61  111  0.163991
61  161  0.0743948
61  185  0.153128
62  70  0.0244707
62  72  0.318962
62  74  0.27805
62  110  0.1614
62  160  0.0711501
62  184  0.142572
62  199  0.202653
62  211  0.0200756
63  100  0.0165496
63  109  0.152842
63  159  0.0363428
63  183  0.131554
63  198  0.177334
64  99  0.0376974
64  182  0.117557
64  197  0.162202
65  98  0.0435742
65  181  0.0892027
65  196  0.146678
66  97  0.0457566
66  107  0.139137
66  179  0.0621568
66  195  0.133219
66  204  0.0114304
67  96  0.0455582
67  106  0.143398
67  178  0.0599019
67  194  0.121463
67  203  0.0114476
68  95  0.0446645
68  105  0.140901
69  94  0.0391315
69  104  0.128208
69  197  0.171168
70  92  0.0321782
70  102  0.0145801
70  191  0.0570555
70  196  0.219867
71  91  0.0373411
71  101  0.0180954
71  102  0.0267289
71  190  0.0586784
71  195  0.222472
72  90  0.0370367
72  100  0.0183051
72  189  0.0551799
72  194  0.210043
73  89  0.033706
73  99  0.0166362
73  101  0.225006
73  193  0.171701
74  100  0.245058
74  193  0.016747
75  99  0.241902
75  191  0.124409
76  98  0.239043
76  190  0.125158
76  191  0.0291484
77  97  0.235593
77  166  0.0377635
77  189  0.113614
77  190  0.031455
78  96  0.229016
78  165  0.0548446
78  189  0.0302794
79  95  0.190607
79  164  0.0550573
79  188  0.0256961
80  163  0.0535052
81  90  0.181498
81  194  0.0126756
81  223  0.0246493
82  89  0.181308
82  94  0.0329926
82  193  0.0121416
82  200  0.0167394
82  227  0.0119693
83  88  0.176756
83  93  0.0388604
83  160  0.0506534
83  184  0.0130446
83  192  0.0126878
83  199  0.0195159
83  221  0.0430503
83  226  0.0103425
83  228  0.510574
83  232  0.0112046
84  92  0.038157
84  159  0.0493297
84  181  0.187032
84  198  0.0180653
84  220  0.0371753
84  227  0.357318
85  158  0.0480689
85  180  0.217703
85  219  0.0325184
85  225  0.431458
85  226  0.0716923
86  157  0.0467732
86  179  0.210583
86  195  0.0200877
86  218  0.0259127
86  224  0.367154
87  156  0.0379728
87  178  0.200702
87  194  0.0217604
87  223  0.182143
87  236  0.0210517
88  193  0.0207519
88  223  0.280534
88  234  0.0698269
89  155  0.0142255
89  222  0.356877
89  233  0.0470627
90  170  0.0239752
90  175  0.0746842
90  176  0.121962
90  221  0.31689
90  232  0.0348985
90  239  0.0133004
91  169  0.023253
91  174  0.0757469
91  175  0.117955
92  153  0.024686
92  168  0.0199242
92  173  0.0742009
92  174  0.109615
93  152  0.0258758
93  172  0.0694856
93  218  0.14237
94  151  0.0254362
94  217  0.134669
95  150  0.0248691
95  171  0.176546
95  218  0.0242268
95  240  0.011888
96  149  0.0245362
96  170  0.181578
96  215  0.157104
96  217  0.0287081
96  239  0.0112772
97  169  0.171441
97  214  0.171812
97  216  0.0281203
98  147  0.0208637
98  162  0.0954705
98  168  0.135525
98  213  0.162661
98  215  0.0264303
99  146  0.0227658
99  161  0.114432
99  164  0.0861814
99  212  0.153504
99  214  0.0244785
100  145  0.0224659
100  160  0.112798
100  162  0.0411781
100  167  0.0126354
100  211  0.14265
100  213  0.0219232
101  161  0.0488418
101  162  0.116044
101  212  0.0182612
102  151  0.0133164
102  161  0.113695
103  150  0.0150118
103  159  0.559681
104  149  0.0154889
104  158  0.700993
105  148  0.0153622
105  157  0.691002
106  147  0.015134
106  254  0.217326
107  146  0.0142125
107  155  0.743532
107  253  0.104699
108  139  0.0109258
108  154  0.750933
108  252  0.0636124
109  138  0.0119863
109  141  0.0172626
109  145  0.0188341
109  153  0.770673
110  137  0.0118596
110  140  0.0173857
110  144  0.0177178
110  152  0.759407
111  136  0.0113561
111  139  0.01648
111  143  0.0131417
112  132  0.0154821
113  131  0.01535
113  137  0.0169585
113  144  0.0455188
114  136  0.0169511
114  143  0.050264
114  148  0.705489
115  128  0.0178735
115  135  0.0168161
115  142  0.0671396
115  147  0.825077
116  127  0.0179569
116  146  0.848725
117  126  0.0174676
117  133  0.0156925
117  141  0.0937871
117  145  0.856965
118  124  0.0175946
118  132  0.0165647
118  140  0.0900516
118  144  0.848675
119  123  0.0171988
119  131  0.0163817
119  140  0.0615297
119  143  0.787161
120  139  0.216203
120  140  0.0136528
121  137  0.80236
121  140  0.0116791
122  136  0.809064
122  139  0.0102348
123  135  0.806364
123  142  0.133952
123  226  0.0112374
124  134  0.799525
124  141  0.133073
124  225  0.0111864
124  273  0.187144
125  132  0.306017
125  140  0.0180551
125  224  0.010743
125  272  0.0626438
126  131  0.321421
126  132  0.438406
126  140  0.108139
126  223  0.0102976
126  271  0.0372726
127  131  0.353457
127  139  0.104675
129  137  0.120695
129  140  0.0135364
129  144  0.0174493
129  278  0.0985231
130  136  0.120358
130  139  0.0152253
130  143  0.0179407
130  277  0.029725
131  135  0.115696
131  138  0.0151679
131  142  0.0201161
131  274  0.90688
132  141  0.0199921
132  273  0.731524
133  140  0.0182787
133  272  0.597261
134  271  0.358034
135  234  0.0342004
135  271  0.142889
135  281  0.0500154
136  233  0.0334096
136  270  0.242556
136  280  0.0335493
136  283  0.613459
137  232  0.0323024
137  235  0.0396069
137  264  0.0105853
137  269  0.211953
137  279  0.0250756
137  282  0.827215
138  231  0.0311686
138  234  0.0766391
138  263  0.0146625
138  278  0.0200295
138  281  0.698379
139  230  0.0272008
139  233  0.0742706
139  262  0.0135898
139  280  0.543667
140  229  0.0166602
140  232  0.0717879
140  261  0.0124998
140  266  0.150546
140  279  0.445199
141  231  0.0688564
141  265  0.141048
141  278  0.37564
142  263  0.131933
142  281  0.0391402
143  168  0.0433251
143  229  0.0483511
143  262  0.121605
143  274  0.178204
143  280  0.0355747
143  286  0.0196081
144  167  0.0525867
144  228  0.0478109
144  261  0.112663
144  273  0.15983
144  279  0.0316607
144  285  0.0148405
145  271  0.012476
145  278  0.0280168
146  166  0.211473
146  277  0.0190243
147  165  0.294194
147  267  0.0191159
148  164  0.308585
148  266  0.0206207
149  163  0.307676
149  265  0.0202207
150  162  0.290622
150  264  0.0186911
151  159  0.0330438
151  181  0.0237653
151  263  0.0156652
152  158  0.0367651
152  160  0.235903
152  180  0.0305692
152  261  0.0115427
152  269  0.0101336
152  301  0.0370187
153  157  0.0294609
153  159  0.220993
153  179  0.0247837
153  260  0.0105543
153  300  0.0116237
154  268  0.0141301
155  177  0.0298518
155  267  0.0143158
156  176  0.032497
156  305  0.318272
157  175  0.0306597
157  266  0.120388
157  304  0.10509
158  265  0.131235
158  303  0.0621242
159  264  0.125397
159  304  0.0150746
160  263  0.119614
160  303  0.013483
161  172  0.110661
161  182  0.0123674
161  303  0.0115141
162  171  0.141363
162  181  0.0156865
162  200  0.019308
162  302  0.024379
162  310  0.020091
163  170  0.145083
163  180  0.0164065
163  199  0.024057
163  211  0.0460406
163  261  0.0281249
163  301  0.0247622
163  309  0.0337796
164  179  0.0145935
164  198  0.0230168
164  210  0.0450879
164  258  0.0111976
164  260  0.0251891
164  281  0.0108774
164  300  0.0182689
164  308  0.0242263
165  209  0.034383
165  257  0.0111965
165  280  0.0142057
165  307  0.017966
165  313  0.0227812
166  207  0.0663699
166  279  0.0159811
166  306  0.0102828
166  312  0.0223603
167  206  0.0693021
167  278  0.0161629
167  311  0.0166029
168  191  0.0211086
168  195  0.0201239
168  196  0.109848
168  277  0.0147517
169  190  0.0299841
169  194  0.0225655
169  195  0.141427
169  204  0.116958
170  189  0.0306317
170  193  0.0238095
170  194  0.142819
170  203  0.126107
170  281  0.0383122
171  188  0.0295472
171  202  0.123705
171  276  0.0191042
171  280  0.0371022
172  187  0.0182549
172  201  0.119753
172  275  0.0208096
172  279  0.0354958
173  191  0.0647507
173  197  0.0279918
173  200  0.0890168
173  278  0.0337798
174  190  0.0659399
174  191  0.351636
174  195  0.0122745
174  196  0.0587837
174  252  0.0321106
174  277  0.0307861
175  189  0.05826
175  190  0.469328
175  194  0.0122445
175  195  0.0602766
175  251  0.0396097
175  272  0.266136
176  189  0.479364
176  193  0.0120681
176  194  0.0595329
176  250  0.0398838
176  271  0.305573
176  325  0.362859
177  187  0.200216
177  188  0.347837
177  249  0.0387796
177  270  0.295189
177  317  0.0197987
177  320  0.0109349
177  324  0.122323
178  186  0.323045
178  187  0.208169
178  192  0.0121146
178  248  0.0374578
178  269  0.285147
178  316  0.01974
178  319  0.0101952
178  323  0.0721007
179  185  0.29043
179  266  0.0124451
179  268  0.251103
179  315  0.0163438
180  189  0.072574
180  265  0.028266
181  188  0.0696497
181  246  0.0225559
181  264  0.0264977
181  266  0.0219986
181  314  0.0152759
181  329  0.0142406
181  330  0.182181
182  187  0.0521635
182  245  0.0252796
182  313  0.014921
182  328  0.010115
182  329  0.116544
182  330  0.0141412
183  244  0.0254335
183  264  0.186564
183  312  0.0137846
183  328  0.0790557
184  243  0.024919
184  263  0.184252
184  311  0.0126129
184  325  0.0136363
184  326  0.0838449
185  325  0.0352051
185  326  0.225295
186  325  0.346354
186  326  0.0580926
187  241  0.0147618
187  259  0.134543
187  260  0.0233556
187  325  0.0491385
188  240  0.0153947
188  258  0.172531
188  259  0.0168654
188  335  0.296339
189  239  0.0151377
189  254  0.0424345
189  257  0.17763
189  319  0.0590164
189  322  0.38093
189  334  0.269102
190  253  0.0400174
190  256  0.173904
190  318  0.0513992
190  320  0.0101662
190  321  0.339808
190  333  0.170602
191  235  0.0282791
191  255  0.162103
191  317  0.0155186
191  320  0.268875
192  234  0.0317687
192  250  0.560321
193  233  0.0314842
193  249  0.569832
193  286  0.011551
193  317  0.469019
193  323  0.0563145
193  332  0.526314
194  232  0.0309505
194  248  0.561958
194  285  0.0111862
194  316  0.52688
194  322  0.0516082
194  331  0.449738
195  315  0.492933
195  321  0.0454795
195  330  0.385813
196  246  0.542447
196  314  0.461098
196  320  0.0261185
196  329  0.317007
197  245  0.602501
197  313  0.433542
197  328  0.232338
198  209  0.101093
198  244  0.604221
198  312  0.408884
199  208  0.106707
199  210  0.0196019
199  243  0.596313
199  310  0.0114393
199  311  0.381631
199  325  0.0603167
199  326  0.0453493
199  340  0.0322555
199  346  0.0141156
200  207  0.10434
200  209  0.0195235
200  242  0.583098
200  309  0.0157804
200  324  0.0483248
200  339  0.0257613
201  206  0.0990865
201  208  0.0188133
201  241  0.566586
201  308  0.0136076
202  240  0.545216
202  308  0.25831
202  335  0.0730615
203  239  0.52588
203  305  0.0158395
203  307  0.243161
203  322  0.0284336
203  334  0.0810663
203  351  0.011853
204  222  0.0240891
204  237  0.0271212
204  304  0.0131871
204  306  0.19907
204  321  0.0234105
204  333  0.0700211
205  220  0.0118384
205  236  0.0240457
206  219  0.0152346
206  221  0.740406
206  331  0.0358838
207  218  0.0150289
207  220  0.734533
208  217  0.0146632
208  219  0.727465
208  221  0.0311291
209  218  0.714236
209  220  0.0309443
210  217  0.587834
210  219  0.0307208
210  232  0.0159222
210  327  0.131849
211  231  0.0156834
211  326  0.124823
212  325  0.113878
217  238  0.0861316
218  237  0.10304
219  236  0.105335
220  235  0.103913
221  234  0.101558
221  365  0.191584
222  364  0.146882
223  232  0.069623
223  245  0.0211915
223  305  0.0376799
223  313  0.238559
223  363  0.115708
224  235  0.0633973
224  237  0.0865152
224  244  0.0254303
224  304  0.0365128
224  312  0.266589
225  231  0.0467407
225  234  0.0660504
225  236  0.0867621
225  238  0.0238046
225  243  0.0259044
225  303  0.0353068
225  311  0.264326
226  236  0.110055
226  238  0.0422006
226  302  0.0300565
226  310  0.254243
227  235  0.21148
227  237  0.0540113
227  244  0.0312845
227  309  0.22039
228  234  0.214345
228  236  0.054449
228  243  0.035862
229  241  0.0937943
229  368  0.0197086
230  240  0.118863
231  239  0.126848
231  304  0.30709
231  305  0.0487
231  366  0.727818
232  238  0.126746
232  303  0.37327
232  365  0.656645
233  302  0.364935
233  364  0.586676
234  301  0.356592
234  363  0.52373
235  300  0.32736
236  268  0.389383
236  269  0.0216323
236  362  0.0184491
237  267  0.461989
238  266  0.477047
238  387  0.790216
239  265  0.471994
239  386  0.268937
240  264  0.459715
240  385  0.137705
242  391  0.109677
243  261  0.452075
243  390  0.0636667
244  260  0.445363
244  389  0.0343141
245  259  0.437651
245  388  0.0141157
246  258  0.425792
247  257  0.389381
248  365  0.0295858
248  389  0.0120666
249  364  0.0283867
250  254  0.152151
250  255  0.0100301
250  314  0.119439
250  315  0.0101764
250  316  0.0451504
250  322  0.0358806
250  363  0.0251475
251  313  0.16962
251  314  0.014616
251  315  0.0428807
251  321  0.0353172
252  312  0.184713
252  313  0.0137179
252  314  0.0363029
252  320  0.029578
253  311  0.180947
254  310  0.179823
254  311  0.0636399
255  310  0.0568591
256  308  0.0222396
257  308  0.133807
258  306  0.0281067
258  307  0.137382
258  314  0.0702337
259  306  0.128141
259  313  0.083426
260  304  0.364618
260  312  0.0858652
260  406  0.541333
261  303  0.387873
261  311  0.0850904
261  402  0.119982
261  405  0.444555
262  302  0.381423
262  310  0.0827585
262  401  0.100961
262  404  0.335787
263  301  0.374972
263  309  0.0810431
263  400  0.085718
263  403  0.268727
264  300  0.364516
264  308  0.0797763
264  401  0.0124929
264  402  0.177198
265  301  0.0109663
265  307  0.0746876
265  369  0.0187303
265  398  0.0798948
265  400  0.0161287
266  300  0.0107571
266  368  0.0181162
266  397  0.0706014
267  367  0.0167559
267  396  0.0563469
268  395  0.0281774
269  303  0.0745315
269  365  0.0166738
269  394  0.020424
269  402  0.0137702
270  299  0.787973
270  302  0.0706719
270  364  0.0161847
270  401  0.0150704
271  298  0.8616
271  301  0.0621203
271  313  0.0190711
271  363  0.0149906
271  400  0.0136614
271  409  0.0209765
272  297  0.925411
272  312  0.0251519
272  408  0.0181689
273  296  0.924406
273  311  0.0263434
273  407  0.0158197
274  295  0.909576
274  310  0.0258052
276  292  0.0151955
276  308  0.0111651
276  368  0.0160544
277  306  0.0124611
277  367  0.0185227
278  291  0.942384
278  305  0.0159391
278  366  0.0182905
279  290  0.934577
279  303  0.0179589
279  365  0.0176865
280  289  0.924518
280  302  0.021146
280  364  0.0170299
281  288  0.912144
281  301  0.0214986
281  363  0.0162865
281  428  0.0377176
282  287  0.75062
282  300  0.0208045
282  427  0.0222798
283  299  0.0193049
283  426  0.012128
285  296  0.0200823
285  311  0.044506
286  295  0.0198447
286  310  0.0449005
286  435  0.0653152
287  294  0.0158819
287  309  0.0432063
287  432  0.0298477
287  434  0.0194392
288  431  0.0255929
288  435  0.0722346
289  307  0.0329639
289  430  0.0172525
289  434  0.0412387
290  306  0.0356307
290  432  0.0532266
291  431  0.0475108
292  304  0.086798
292  430  0.0322191
292  432  0.0703294
293  303  0.094587
293  365  0.0769827
293  431  0.0675536
293  442  0.307489
294  302  0.093371
294  364  0.0772288
294  440  0.459696
294  441  0.0547233
295  301  0.092232
295  343  0.0282927
295  363  0.0758505
295  429  0.11253
295  439  0.421831
296  342  0.0288628
296  362  0.0738752
296  428  0.101286
296  438  0.316518
297  341  0.028406
297  427  0.0908577
297  437  0.235264
298  340  0.0278201
298  426  0.0808847
298  435  0.0101375
298  436  0.146348
299  339  0.0269516
299  425  0.061159
299  434  0.0119364
300  338  0.024727
300  360  0.0115289
300  432  0.0617566
301  424  0.0123369
301  431  0.0624951
301  435  0.0557454
302  328  0.0402386
302  337  0.0231776
302  355  0.0462877
302  358  0.0537383
302  430  0.058937
302  434  0.0526405
303  327  0.0462178
303  336  0.0237443
303  342  0.0114623
303  354  0.0508671
303  357  0.0584335
303  429  0.0538889
303  433  0.0491455
303  444  0.813162
304  326  0.0453372
304  335  0.0221449
304  341  0.0119033
304  353  0.0477813
304  443  0.675078
305  325  0.0444824
305  340  0.0118447
305  431  0.02018
305  442  0.584848
306  347  0.013312
306  441  0.474148
307  346  0.0145598
307  440  0.141582
308  345  0.0142018
309  352  0.0409117
309  440  0.352369
310  319  0.0130031
310  320  0.0231331
310  323  0.0172873
310  328  0.0154968
310  332  0.0177111
310  343  0.0237647
310  350  0.332763
310  351  0.0370585
310  429  0.0452532
310  439  0.457612
311  318  0.0111699
311  319  0.0237485
311  322  0.0172165
311  327  0.0163085
311  331  0.0176001
311  342  0.0237117
311  349  0.34227
311  350  0.0264111
311  428  0.0434654
311  438  0.416025
312  326  0.0158496
312  341  0.022871
312  348  0.347281
312  427  0.0403296
312  437  0.318557
313  325  0.0136034
313  340  0.021406
313  347  0.339356
313  426  0.0311091
313  436  0.14337
314  346  0.32537
314  435  0.0621826
315  326  0.0123002
315  341  0.0202208
315  347  0.0120969
316  325  0.0182738
316  340  0.020804
316  346  0.0127015
318  341  0.240002
319  325  0.011866
319  340  0.247989
320  348  0.0472234
321  341  0.0109729
321  347  0.0661338
322  340  0.0113957
322  346  0.0673413
322  389  0.012816
323  365  0.0325276
323  386  0.0111777
323  388  0.0129188
324  335  0.19844
324  352  0.11714
324  364  0.0333169
324  368  0.0463307
325  332  0.108037
325  334  0.212741
325  337  0.0105922
325  343  0.0618194
325  344  0.0435493
325  350  0.0104943
325  351  0.135993
325  363  0.0331776
325  367  0.0570424
325  384  0.10416
325  415  0.0111052
326  331  0.104082
326  332  0.011238
326  333  0.126538
326  336  0.0108316
326  342  0.0615023
326  343  0.0430069
326  349  0.0108388
326  350  0.133916
326  362  0.0323541
326  366  0.0578714
326  383  0.10313
326  414  0.0109681
327  340  0.0320503
327  365  0.0571529
327  382  0.101309
327  413  0.010701
328  341  0.0225761
328  348  0.073306
328  364  0.0504293
328  381  0.0971876
329  340  0.0220247
329  346  0.0101069
329  347  0.0765292
329  348  0.0361117
330  341  0.0338307
330  346  0.0682552
330  347  0.0424602
331  340  0.0350048
331  346  0.0431065
333  341  0.160842
333  347  0.012491
334  340  0.172596
334  346  0.0136888
334  407  0.02204
335  339  0.112412
335  345  0.0114006
335  406  0.0218352
336  405  0.0213815
337  404  0.0201262
338  353  0.0225888
338  402  0.0169336
339  352  0.0271682
339  401  0.017586
340  351  0.0273234
340  400  0.0173165
340  409  0.02299
341  399  0.0117191
341  408  0.0226855
342  407  0.0220148
344  365  0.0847573
344  405  0.0187279
344  424  0.0613125
345  352  0.021488
345  364  0.0842689
345  404  0.0183678
345  423  0.0611837
346  351  0.0243033
346  357  0.101429
346  362  0.0136083
346  363  0.0741804
346  403  0.0176631
346  422  0.05957
347  356  0.100433
347  361  0.0215314
347  421  0.0557483
348  355  0.0754269
348  360  0.0168904
348  420  0.0388351
353  406  0.0125866
354  405  0.014423
355  404  0.0136504
357  395  0.0164508
358  394  0.0184023
359  393  0.0356325
359  402  0.0238817
360  392  0.0366319
360  401  0.0231664
361  391  0.0358031
362  382  0.182556
362  389  0.0515171
363  381  0.191724
363  386  0.0329703
363  388  0.0512786
364  380  0.188573
364  385  0.0332643
364  399  0.150185
365  379  0.182167
365  383  0.0637867
365  384  0.0188404
365  387  0.107045
365  398  0.175966
365  403  0.0207566
366  382  0.0770314
366  386  0.105581
366  397  0.166589
366  402  0.0204013
367  381  0.0748238
367  397  0.0118096
367  401  0.0179518
368  376  0.0189177
368  380  0.063182
368  396  0.169158
369  395  0.171799
370  382  0.110298
370  394  0.168506
371  381  0.109581
371  393  0.165034
372  392  0.148621
375  389  0.0216872
375  397  0.0458208
376  388  0.0152564
377  389  0.0545258
377  395  0.161039
377  443  0.0148755
378  388  0.0537887
378  389  0.0156301
378  394  0.174681
378  442  0.0149505
378  443  0.0183647
379  386  0.0594441
379  388  0.0154443
379  389  0.0113766
379  393  0.173025
379  424  0.405314
379  442  0.0177729
380  388  0.0116047
380  391  0.0135953
380  392  0.145949
380  423  0.409512
380  440  0.0263111
381  387  0.0162842
381  390  0.0105236
381  409  0.013473
381  422  0.400017
381  439  0.0324172
382  390  0.213684
382  408  0.013781
382  421  0.342943
382  438  0.0292321
382  444  0.0349687
383  389  0.215261
383  407  0.0179078
383  443  0.0328509
384  388  0.208686
384  405  0.019295
384  442  0.0282127
385  404  0.0189515
385  418  0.668101
385  441  0.0199986
386  403  0.0185722
386  417  0.769022
387  402  0.0180931
388  399  0.0115929
388  415  0.923195
389  398  0.0168127
389  414  0.913486
390  397  0.01654
390  413  0.899148
391  396  0.0122759
391  412  0.874233
392  411  0.85127
393  410  0.830221
394  409  0.809078
395  408  0.713585
396  404  0.0323565
396  407  0.456227
397  403  0.0356469
397  406  0.716473
398  402  0.0344128
398  405  0.704491
399  404  0.575311
399  436  0.0600144
400  435  0.0877969
401  434  0.0823547
402  433  0.0757306
403  431  0.0711013
404  420  0.0115009
404  430  0.0673302
405  419  0.0134378
405  429  0.0637534
406  418  0.0130341
407  417  0.0126362
407  428  0.0592045
408  416  0.011393
408  427  0.054886
411  424  0.0434568
412  423  0.0470225
413  422  0.0462946
420  437  0.249247
421  436  0.488613
422  431  0.0520371
422  435  0.551264
423  430  0.0506738
423  434  0.516393
424  429  0.0473728
424  433  0.484079
425  431  0.0143945
430  445  0.0329488
431  444  0.103888
432  443  0.0870111
433  442  0.0756221
434  441  0.0650073
