2  29  0.0428436
3  28  0.044361
4  27  0.0316288
4  77  0.230052
4  153  0.0471543
5  45  0.0404695
5  76  0.213164
5  152  0.0253156
6  24  0.106535
6  44  0.0424092
6  75  0.188772
7  23  0.0902706
7  74  0.163031
7  106  0.0198585
8  43  0.0562642
8  73  0.143083
8  105  0.0252658
8  149  0.344409
8  152  0.0144477
9  20  0.140526
9  42  0.0506075
9  72  0.126447
9  104  0.0224867
9  148  0.346024
9  151  0.0116201
10  19  0.128169
10  41  0.0455184
10  103  0.0201985
10  147  0.311611
10  153  0.237762
11  70  0.034022
11  101  0.0126461
11  152  0.189441
12  40  0.0377932
12  99  0.0167503
12  151  0.155432
13  39  0.0349296
13  68  0.0827701
13  98  0.0155189
13  150  0.12679
13  156  0.0298982
14  38  0.0306173
14  67  0.0806363
14  97  0.0144205
14  143  0.152775
14  145  0.0345045
14  149  0.0735996
14  155  0.0361174
15  66  0.0713535
15  96  0.013454
15  142  0.134937
15  144  0.0310304
15  148  0.0432891
15  154  0.0307299
16  95  0.0126013
16  147  0.043917
16  153  0.0258019
17  30  0.0245844
17  65  0.0214136
17  152  0.0117374
17  164  0.0213793
17  165  0.0522514
17  166  0.0949949
18  29  0.0310203
18  139  0.0137509
18  163  0.0186126
18  164  0.0409484
18  165  0.0598854
18  166  0.0467684
18  167  0.0855589
19  28  0.0304013
19  63  0.0614675
19  139  0.546198
19  140  0.032974
19  141  0.0121611
19  162  0.015242
19  163  0.0326281
19  164  0.0464629
19  165  0.0409329
19  166  0.0578783
19  167  0.0348642
19  168  0.244232
20  32  0.0163912
20  62  0.0585682
20  138  0.627376
20  140  0.0108981
20  161  0.013144
20  162  0.0280212
20  163  0.0404901
20  164  0.0402184
20  165  0.058284
20  166  0.0473334
20  167  0.094576
20  168  0.16451
21  31  0.0162904
21  61  0.0531702
21  137  0.603387
21  160  0.0110705
21  161  0.0233354
21  162  0.0334594
21  163  0.0338413
21  164  0.0486582
21  165  0.0408442
21  166  0.0608362
21  167  0.0838271
22  30  0.0153666
22  136  0.583743
22  160  0.0193726
22  161  0.0275287
22  162  0.0278429
22  163  0.03958
22  164  0.0332296
22  165  0.0439398
22  166  0.0549832
23  29  0.0120048
23  135  0.562686
23  159  0.0150521
23  160  0.0212054
23  161  0.0213397
23  162  0.0300704
23  163  0.0249679
23  164  0.0311042
23  165  0.0372106
23  171  0.0446933
24  134  0.5413
24  170  0.0255883
25  133  0.511792
25  158  0.0148976
25  159  0.0155213
25  160  0.0244243
25  161  0.0277047
25  162  0.016036
25  163  0.0126807
25  169  0.010297
26  56  0.0391441
26  157  0.0153057
26  158  0.0159547
26  159  0.0250167
26  160  0.0279157
26  161  0.0158311
26  162  0.0120123
26  175  0.0347998
27  55  0.0491075
27  156  0.0117922
27  157  0.0118863
27  158  0.0188107
27  159  0.0207101
27  160  0.0110179
27  171  0.0160025
27  174  0.013662
28  54  0.0480045
28  130  0.461689
28  170  0.0126018
29  53  0.0461676
29  128  0.0212943
29  129  0.424694
30  52  0.0441905
30  127  0.0401529
30  128  0.38755
31  51  0.0407428
31  126  0.0555275
31  127  0.350431
31  154  0.0552712
32  50  0.0299115
32  125  0.0726488
32  126  0.26314
32  153  0.0543011
33  124  0.0870774
33  152  0.03482
34  123  0.0670633
34  152  0.241449
35  49  0.0112376
35  121  0.0300095
35  151  0.254648
35  153  0.0102192
36  149  0.1669
36  150  0.11985
37  48  0.0185448
37  49  0.0186624
37  50  0.0114126
37  148  0.286563
38  47  0.018163
38  48  0.0182097
38  49  0.0113394
38  59  0.484749
38  147  0.279296
39  47  0.0173383
39  48  0.0109932
39  58  0.478939
39  146  0.271858
40  46  0.0118696
40  57  0.468811
40  145  0.262674
41  56  0.454827
41  143  0.0311483
41  189  0.695407
41  190  0.281312
42  55  0.445754
42  105  0.150093
42  143  0.0592857
42  149  0.0106212
42  188  0.386226
42  189  0.0943859
43  54  0.426668
43  104  0.147103
43  148  0.0106605
43  187  0.275103
44  52  0.379037
44  103  0.143537
44  147  0.0105086
44  187  0.0237743
45  51  0.363975
45  52  0.0199258
45  53  0.0174681
45  102  0.118837
45  185  0.118355
45  194  0.78596
46  50  0.289153
46  51  0.0223708
46  52  0.016759
46  100  0.0288356
46  102  0.015085
46  142  0.232909
46  184  0.0967946
46  185  0.0273222
46  193  0.891178
47  101  0.0290198
47  141  0.242082
47  182  0.0499907
47  183  0.070044
47  191  0.01303
47  192  0.99403
48  98  0.0327057
48  140  0.237107
48  181  0.0445294
48  182  0.0614878
48  183  0.0249813
48  191  0.856075
48  192  0.14168
49  97  0.0321651
49  98  0.0781692
49  139  0.231288
49  180  0.0502247
49  181  0.043186
49  182  0.0229844
49  190  0.677663
49  191  0.13731
49  192  0.0895207
50  97  0.079047
50  138  0.227013
50  179  0.0579762
50  180  0.0295114
50  181  0.0205185
50  189  0.55513
50  190  0.112491
50  191  0.0735115
51  137  0.221263
51  178  0.0625298
51  179  0.0184365
51  180  0.0185907
51  188  0.45024
52  136  0.2068
52  177  0.0647968
52  179  0.0169363
52  189  0.143825
53  94  0.141138
53  98  0.0640928
53  135  0.162641
53  175  0.0728657
53  178  0.0152994
53  186  0.141124
53  188  0.123822
54  93  0.148208
54  97  0.0718448
54  133  0.172307
54  174  0.0698631
54  177  0.0139203
55  92  0.12243
55  96  0.0365013
55  132  0.202398
55  173  0.065462
56  91  0.0915454
56  92  0.0303707
56  96  0.0613314
56  131  0.201162
56  172  0.05873
56  185  0.253092
57  91  0.0531221
57  95  0.0993191
57  130  0.197621
57  170  0.0607068
57  184  0.242858
58  94  0.0988914
58  169  0.0576128
58  183  0.223372
59  89  0.158461
59  93  0.0964258
59  168  0.0547823
59  182  0.206622
60  167  0.0504723
60  181  0.167551
61  88  0.764512
61  92  0.0253438
62  87  0.871485
62  91  0.0248519
62  208  0.0369946
63  86  0.858969
63  207  0.025488
64  84  0.0328721
65  83  0.0325547
65  85  0.805691
66  82  0.0316902
66  84  0.806952
67  81  0.0309822
67  83  0.762371
67  86  0.0792632
68  83  0.0493703
68  85  0.0784216
69  82  0.754322
69  84  0.0740989
70  81  0.775785
70  83  0.0629508
71  80  0.770907
71  82  0.0521801
71  217  0.0284892
72  79  0.753826
72  82  0.0208435
72  84  0.056032
72  199  0.012731
72  216  0.0321877
73  81  0.0577092
73  83  0.0622544
73  153  0.0298809
73  198  0.0135709
73  215  0.0252341
73  222  0.0221015
74  80  0.0500368
74  82  0.0613972
74  152  0.0290351
74  197  0.0125079
75  81  0.0595746
75  151  0.0263073
75  196  0.0114152
77  217  0.0204647
78  209  0.0788573
78  216  0.0228964
79  91  0.0139563
79  147  0.0418374
79  207  0.0110836
79  208  0.0805687
79  215  0.0203465
79  223  0.010435
79  227  0.461615
79  228  0.227856
80  90  0.0152773
80  146  0.0430073
80  206  0.0101384
80  207  0.071943
80  214  0.0164902
80  227  0.0593404
81  89  0.0165927
81  145  0.0430611
81  225  0.419869
81  226  0.0170344
82  88  0.016216
82  144  0.0425322
82  213  0.0105423
82  224  0.395358
83  143  0.0420337
83  212  0.0112693
84  142  0.0410646
84  204  0.044893
84  222  0.313598
85  203  0.0484425
85  221  0.286555
86  141  0.0400591
86  190  0.0153828
86  202  0.0378474
86  211  0.0308608
86  218  0.141786
86  219  0.0711884
86  220  0.241552
87  140  0.0395642
87  189  0.0149089
87  200  0.378679
87  210  0.0370891
87  217  0.14075
87  218  0.0726208
87  219  0.20116
88  139  0.0291701
88  188  0.0143169
88  199  0.367022
88  209  0.0348697
88  216  0.218286
88  217  0.0442402
89  99  0.0462269
89  116  0.124392
89  187  0.0136204
89  198  0.351989
89  208  0.0326007
89  215  0.23293
90  98  0.0463667
90  115  0.122824
90  137  0.0186818
90  186  0.011457
90  197  0.330799
90  211  0.294811
91  97  0.0456996
91  113  0.291191
91  136  0.0206073
91  200  0.0682403
91  210  0.318029
91  217  0.0643327
92  112  0.289003
92  135  0.0204687
92  199  0.0652588
92  209  0.299225
92  216  0.0642319
93  103  0.0312614
93  111  0.286075
93  134  0.0201572
93  198  0.0620336
93  208  0.280734
93  215  0.0605354
94  102  0.0313181
94  110  0.282897
94  114  0.0532945
94  193  0.0436644
94  201  0.0398441
94  207  0.242853
94  214  0.049478
95  101  0.0308898
95  109  0.279917
95  113  0.061965
95  189  0.455369
95  192  0.034994
95  200  0.0514546
95  203  0.0107547
95  210  0.0272136
95  212  0.0103794
95  241  0.163345
96  112  0.0613408
96  188  0.449749
96  199  0.0492595
96  202  0.0101916
96  209  0.0258954
96  240  0.109406
97  108  0.200755
97  111  0.0607296
97  187  0.433091
97  198  0.0470424
97  208  0.0246007
97  239  0.0803124
98  106  0.0766753
98  107  0.191998
98  110  0.0600757
98  201  0.101184
98  207  0.0196367
99  105  0.0826886
99  109  0.0594057
99  186  0.0174807
99  189  0.0608081
99  200  0.106779
99  210  0.0174471
99  238  0.0232644
99  245  0.806601
100  186  0.016184
100  188  0.0593856
100  199  0.102184
100  209  0.0165745
100  237  0.0164252
100  244  0.841294
101  108  0.045784
101  184  0.627787
101  187  0.0454776
101  198  0.0886586
101  208  0.015258
101  243  0.729549
102  183  0.657309
102  186  0.0291094
102  197  0.0698698
102  242  0.59232
102  251  0.127557
103  182  0.67139
103  189  0.0350614
103  241  0.497017
103  250  0.131333
104  181  0.593612
104  188  0.0347638
104  240  0.425383
104  249  0.180764
105  187  0.0418678
105  239  0.371863
105  248  0.142604
106  179  0.781593
106  186  0.030502
106  246  0.0343002
106  247  0.0831974
107  178  0.904982
107  245  0.0523887
107  246  0.0435125
108  177  0.911299
108  244  0.0690331
108  245  0.018016
109  176  0.894631
109  243  0.100728
110  175  0.87352
110  242  0.0909144
111  174  0.853619
111  241  0.0816528
112  173  0.7809
113  239  0.0435974
114  171  0.223996
114  237  0.033446
114  240  0.0230854
114  260  0.0179332
115  125  0.0167554
115  170  0.152511
115  172  0.102165
115  236  0.0320414
115  239  0.024627
115  259  0.013024
116  124  0.0198796
116  168  0.0106219
116  171  0.09735
116  235  0.0299189
116  238  0.02491
116  258  0.0117489
117  123  0.0196885
117  167  0.0100081
117  171  0.0423452
117  234  0.0271254
117  237  0.0224314
118  122  0.0154179
118  170  0.0230988
118  172  0.0168282
118  233  0.0218316
118  236  0.017322
119  170  0.643506
120  169  0.856304
121  166  0.0117714
121  168  0.860981
122  165  0.0124181
122  167  0.842145
125  162  0.0255913
125  164  0.787292
126  161  0.0291797
126  163  0.780842
126  274  0.0139534
127  138  0.0136329
127  160  0.0303022
127  162  0.771275
128  137  0.0134873
128  159  0.0301811
128  161  0.758893
128  275  0.779688
129  136  0.0123176
129  158  0.0299247
129  160  0.743577
129  274  0.710148
130  157  0.0299618
130  159  0.73149
130  273  0.59838
131  156  0.0296693
131  158  0.717572
131  272  0.429233
132  155  0.0289594
132  157  0.677841
132  272  0.0610579
132  279  0.0846267
133  154  0.0275639
133  270  0.120866
133  271  0.07239
133  278  0.0562215
134  155  0.579895
134  277  0.0410072
135  154  0.646423
135  268  0.119341
135  269  0.047566
135  276  0.0307968
136  153  0.572116
136  268  0.03415
137  151  0.0107586
137  154  0.016287
137  266  0.307961
138  151  0.345654
138  153  0.0161213
138  265  0.302574
139  264  0.278396
140  148  0.594886
140  151  0.0124391
140  263  0.257604
140  271  0.0107097
140  287  0.034036
141  147  0.590692
141  148  0.0139949
141  153  0.0855396
141  262  0.214092
141  286  0.0212775
141  290  0.0864193
142  149  0.0195985
142  152  0.0885011
142  260  0.0959623
142  289  0.0240469
143  148  0.0207081
143  151  0.0873858
143  153  0.0383145
143  259  0.0910702
143  290  0.0261759
143  291  0.0418271
144  150  0.0736571
144  152  0.0388384
144  171  0.0697555
144  244  0.0154577
144  258  0.032556
145  151  0.0383847
145  170  0.0816889
145  243  0.0189441
145  290  0.244123
146  150  0.0248738
146  169  0.0808258
146  242  0.0182561
146  289  0.175426
147  168  0.0796023
147  238  0.0143816
147  241  0.0173898
147  283  0.0772128
147  288  0.133435
148  167  0.071394
148  237  0.0144182
148  240  0.0132713
148  282  0.100498
149  236  0.0140533
149  281  0.0897182
149  286  0.0845651
149  297  0.159936
150  280  0.0806241
150  285  0.0735427
150  296  0.139209
151  234  0.0147155
151  279  0.073309
151  284  0.0640582
151  295  0.104599
151  299  0.0165589
152  233  0.0162354
152  278  0.0663652
153  162  0.0356446
153  168  0.0130672
153  232  0.0158428
153  277  0.0492041
153  282  0.0305623
153  293  0.0676366
154  161  0.0353908
154  167  0.012585
154  231  0.0143849
154  292  0.0558247
155  291  0.0456649
156  290  0.0221858
159  271  0.0314348
160  270  0.0364159
161  269  0.0380162
162  268  0.0313286
164  266  0.0646599
165  265  0.0680804
166  224  0.0138271
166  264  0.0691246
166  271  0.0759648
166  315  0.700279
167  223  0.0157016
167  224  0.0231049
167  263  0.067341
167  270  0.134853
167  314  0.908714
168  222  0.0165557
168  223  0.025815
168  262  0.0687574
168  269  0.165478
168  313  0.809157
169  213  0.0114651
169  222  0.023801
169  261  0.0668672
169  268  0.159987
169  307  0.0345195
169  312  0.587746
170  212  0.0142219
170  219  0.018558
170  221  0.0107839
170  260  0.0605057
170  267  0.154174
170  306  0.0943944
170  311  0.459789
171  259  0.0631905
171  266  0.143784
171  305  0.0892976
171  310  0.358036
172  217  0.0599261
172  258  0.0697107
172  304  0.0811823
173  209  0.0125262
173  216  0.0754152
173  257  0.0689803
173  292  0.015758
173  303  0.0727089
173  308  0.198318
174  208  0.0125098
174  215  0.0757371
174  256  0.0670507
174  262  0.252246
174  265  0.0339093
174  291  0.0164027
174  302  0.0649338
174  307  0.179306
174  319  0.0266459
174  320  0.0100247
175  214  0.0703147
175  255  0.0633665
175  261  0.276677
175  264  0.0330389
175  290  0.0139208
176  209  0.112668
176  254  0.0460618
176  260  0.274385
176  282  0.0158304
176  288  0.0119555
176  317  0.0522538
177  207  0.119801
177  208  0.123772
177  259  0.266612
177  262  0.0311748
177  281  0.0153184
177  287  0.0114484
177  316  0.042868
178  206  0.131769
178  207  0.120113
178  261  0.0295726
178  280  0.013894
178  315  0.0331808
179  205  0.133929
179  206  0.117105
179  314  0.0199215
180  204  0.131835
180  205  0.10846
180  313  0.0152688
180  327  0.0623553
181  204  0.0774378
181  287  0.0123498
181  326  0.059498
182  256  0.307332
182  286  0.0340526
182  325  0.0444374
183  201  0.221935
183  204  0.0667377
183  255  0.302718
183  285  0.0336066
183  331  0.558052
184  200  0.234217
184  203  0.094541
184  254  0.294364
184  284  0.0326351
184  330  0.43517
185  199  0.230777
185  202  0.104466
185  253  0.277718
185  283  0.0163177
185  329  0.273951
186  198  0.224555
186  201  0.10457
187  197  0.206557
187  200  0.103423
187  251  0.0375636
187  273  0.0149374
187  328  0.145485
187  333  0.0240622
188  196  0.195177
188  326  0.0269495
188  327  0.101782
188  332  0.0145722
189  198  0.0818954
189  271  0.0202555
189  325  0.0287171
190  270  0.0198025
190  271  0.014022
191  269  0.0190448
191  270  0.0138631
192  248  0.539768
192  269  0.0134248
192  339  0.0148874
193  247  0.542079
194  246  0.53615
195  245  0.525732
196  244  0.512801
197  243  0.457774
198  241  0.303611
198  242  0.115382
200  239  0.350429
203  236  0.482779
204  235  0.490166
205  234  0.446698
206  234  0.0110712
206  344  0.128786
206  348  0.571666
207  232  0.643056
207  343  0.124766
207  344  0.224932
207  347  0.542124
208  231  0.654187
208  306  0.034458
208  317  0.0470415
208  342  0.103078
208  343  0.234305
208  346  0.452256
209  230  0.648239
209  305  0.0354949
209  316  0.0450476
209  345  0.374639
210  229  0.640123
210  315  0.043436
210  341  0.558418
211  228  0.629046
211  314  0.0415434
211  340  0.506972
212  227  0.618024
212  302  0.101447
212  313  0.0395422
212  339  0.463104
213  226  0.474733
213  301  0.101165
213  338  0.410621
214  225  0.318776
214  226  0.130034
214  300  0.0992364
214  337  0.303508
214  358  0.035797
215  220  0.0120798
215  225  0.258864
215  232  0.0763276
215  299  0.0965234
215  311  0.0144614
215  336  0.214263
215  357  0.0296172
215  363  0.0129183
216  223  0.0143568
216  224  0.381857
216  298  0.0923507
216  310  0.0139002
216  356  0.0221857
217  222  0.011336
217  223  0.390312
217  224  0.0498893
217  230  0.154578
217  297  0.0435826
217  309  0.0117447
218  222  0.361763
218  223  0.0534229
218  229  0.185934
219  228  0.185833
220  227  0.183239
220  302  0.0173747
220  332  0.102264
220  360  0.234437
220  369  0.0206288
221  331  0.098323
221  359  0.199095
222  300  0.0645629
222  330  0.0930639
222  358  0.170307
223  299  0.0736107
223  329  0.0424507
223  357  0.14776
224  355  0.0376263
225  297  0.190457
225  353  0.0805448
225  354  0.0227116
226  276  0.036016
226  296  0.266653
226  352  0.0891349
226  353  0.0102008
227  275  0.0424408
227  295  0.271837
227  351  0.0926277
227  376  0.0679191
228  274  0.0447174
228  294  0.265535
228  350  0.0860298
228  375  0.0288394
228  376  0.146463
229  273  0.0452921
229  293  0.259985
229  349  0.0797024
229  375  0.0888331
230  272  0.0451179
230  292  0.254235
230  348  0.0633425
230  373  0.0102015
231  271  0.0445553
231  291  0.248404
231  378  0.226199
231  379  0.233759
232  270  0.0435414
232  290  0.243314
232  372  0.0397685
232  374  0.014794
232  377  0.506712
232  378  0.169818
233  289  0.235015
233  371  0.0330459
233  373  0.0119955
233  376  0.356016
234  269  0.0360173
234  370  0.0187125
235  268  0.0518368
235  374  0.185947
235  384  0.291471
236  267  0.0520844
236  292  0.0115813
236  373  0.16565
236  383  0.164385
237  266  0.0514298
237  291  0.0133021
237  372  0.0308782
237  382  0.10189
238  265  0.0506154
238  290  0.0155405
238  372  0.384515
239  288  0.310892
239  371  0.325056
239  380  0.265328
240  263  0.0436761
240  287  0.305199
240  370  0.427615
240  379  0.218776
241  262  0.0453559
241  286  0.300593
241  369  0.575172
241  378  0.185027
242  261  0.0442073
242  285  0.294843
242  368  0.543898
242  377  0.141525
243  260  0.0370319
243  284  0.288828
243  367  0.52274
243  375  0.116461
244  259  0.0101386
244  271  0.012302
244  366  0.477206
244  374  0.103486
245  270  0.020264
245  365  0.412354
245  370  0.0931431
246  256  0.0162765
246  269  0.0259194
246  369  0.108327
247  255  0.0190328
247  268  0.0418695
247  365  0.0151734
247  368  0.138397
248  254  0.0187489
248  267  0.0458853
248  363  0.0892924
248  364  0.0184034
248  367  0.163674
249  266  0.049437
249  361  0.0428692
249  362  0.08386
249  366  0.15222
250  265  0.0496231
250  360  0.0417233
250  361  0.0727906
250  362  0.0106668
250  365  0.117793
251  264  0.0493368
251  359  0.0390497
251  360  0.0640787
251  362  0.431317
252  263  0.0486465
252  359  0.0469452
252  361  0.510812
253  262  0.0477602
253  360  0.509874
254  261  0.0471725
254  356  0.100893
254  359  0.517898
255  260  0.0446295
255  283  0.462911
255  355  0.10373
255  358  0.506797
256  282  0.562879
256  357  0.487273
257  281  0.554173
257  353  0.104651
257  356  0.446752
258  280  0.544838
258  352  0.119992
258  354  0.0567857
259  279  0.537473
259  351  0.114142
260  278  0.527874
260  352  0.023461
260  353  0.0317549
260  407  0.0154366
260  408  0.01285
261  277  0.513218
261  404  0.0121171
261  405  0.0958733
261  406  0.0104104
262  350  0.511947
262  403  0.0111085
262  404  0.117008
262  406  0.179153
263  275  0.353316
263  349  0.513378
263  403  0.100915
263  405  0.265486
264  274  0.499152
264  348  0.500657
264  402  0.0830616
264  404  0.240753
265  273  0.494364
265  347  0.483456
265  401  0.0648604
265  403  0.205688
266  272  0.479046
266  402  0.170327
266  406  0.0318769
267  271  0.404708
267  345  0.436609
267  407  0.0522191
268  344  0.443949
268  404  0.135079
268  405  0.066401
268  406  0.0566276
269  284  0.0245858
269  343  0.432309
269  403  0.139019
269  404  0.090698
269  405  0.0516019
270  283  0.0256808
270  342  0.406867
270  397  0.154352
270  402  0.122405
270  403  0.0847391
270  404  0.0463392
271  282  0.0263605
271  396  0.164568
271  401  0.0980872
271  402  0.0444866
271  403  0.0413297
272  281  0.0158899
272  340  0.393529
272  395  0.156128
272  400  0.058971
272  421  0.820296
273  281  0.010671
273  339  0.382466
273  394  0.146077
273  399  0.0622381
273  400  0.132515
273  420  0.77328
274  280  0.0104991
274  310  0.231866
274  393  0.110824
274  398  0.0541483
274  399  0.121824
274  419  0.462952
274  420  0.0210612
274  421  0.16107
274  422  0.0388563
275  309  0.32239
275  393  0.0195657
275  398  0.111536
275  418  0.271076
275  419  0.0303944
275  420  0.124102
275  421  0.0286979
276  308  0.326794
276  392  0.034983
276  396  0.0270699
276  397  0.0973213
276  417  0.140644
277  307  0.321965
277  391  0.0336678
277  393  0.0178594
277  395  0.0303894
277  416  0.0819435
277  418  0.460333
277  425  0.224478
278  306  0.316728
278  392  0.0291535
278  415  0.0200085
278  417  0.646108
278  424  0.167333
278  426  0.0156216
279  305  0.311809
279  391  0.0238891
279  393  0.0112239
279  416  0.598817
279  423  0.119416
279  425  0.0107672
280  304  0.306431
280  329  0.0192473
280  390  0.0190739
280  415  0.570299
281  303  0.301145
281  328  0.0252435
281  390  0.185665
281  392  0.0483508
281  414  0.521322
282  302  0.295245
282  389  0.213004
282  391  0.0468977
282  413  0.46582
282  420  0.299965
283  326  0.132499
283  388  0.20252
283  412  0.298626
283  419  0.259022
284  325  0.199165
284  389  0.0575688
284  418  0.226718
285  300  0.269639
285  323  0.203417
285  324  0.098692
285  348  0.0149782
285  387  0.491844
285  417  0.164637
286  299  0.273345
286  322  0.32058
286  347  0.019182
286  386  0.540817
286  415  0.139351
287  321  0.324968
287  346  0.0187795
287  385  0.541493
287  414  0.154845
288  320  0.32405
288  384  0.525082
288  413  0.143172
289  296  0.257247
289  319  0.317501
289  345  0.025423
289  382  0.545851
289  412  0.101533
290  295  0.254158
290  318  0.315644
290  344  0.0279396
290  381  0.621897
291  317  0.313635
291  343  0.0280148
291  380  0.617146
292  316  0.308459
292  379  0.600736
293  315  0.303809
293  341  0.0349458
293  378  0.583328
294  314  0.298984
294  340  0.0346935
294  377  0.48549
295  313  0.287951
295  339  0.0341175
295  374  0.42828
296  338  0.0317838
296  373  0.390717
297  337  0.0178604
298  308  0.0373488
298  355  0.0188265
298  371  0.488556
299  307  0.0389801
299  354  0.0199309
299  370  0.509978
300  353  0.0197269
300  369  0.503108
301  312  0.251344
301  352  0.0195122
301  368  0.497204
302  311  0.272937
302  351  0.0191801
302  367  0.492034
302  443  0.0131246
303  310  0.26468
303  366  0.483926
303  442  0.0106261
304  309  0.206663
304  365  0.46489
305  364  0.405556
306  361  0.0117513
306  362  0.0147534
307  346  0.0218121
307  363  0.0250357
307  443  0.0108072
308  345  0.0217521
308  359  0.0213472
308  361  0.0544578
308  362  0.0263139
309  344  0.0206577
309  358  0.0181536
310  342  0.0198234
311  339  0.0895046
311  341  0.0206038
311  354  0.0106244
312  337  0.610316
312  338  0.0459533
313  336  0.788043
314  335  0.788708
315  334  0.783216
316  333  0.776484
317  332  0.769839
318  331  0.762834
319  330  0.754854
320  328  0.0467369
320  329  0.61498
325  343  0.021147
326  342  0.0105454
327  342  0.0928109
328  341  0.121129
329  340  0.124772
330  339  0.124896
331  338  0.114689
332  337  0.0607599
337  447  0.177917
338  446  0.634369
339  349  0.121244
339  445  0.67901
340  348  0.121944
340  358  0.160641
340  363  0.0107222
340  444  0.544257
341  347  0.119597
341  357  0.172485
341  443  0.453071
342  356  0.163992
342  361  0.0977553
342  442  0.345747
343  354  0.158224
343  360  0.116074
344  353  0.154374
344  356  0.012526
344  359  0.11317
345  355  0.0199884
345  358  0.103873
346  354  0.0204803
347  354  0.052511
348  353  0.0452454
348  379  0.0225803
348  409  0.0682151
349  354  0.0231659
349  378  0.0254585
349  408  0.0752837
350  377  0.0238557
350  378  0.103486
350  407  0.0730818
350  408  0.0316116
351  377  0.106475
351  407  0.0383862
352  376  0.0529325
352  405  0.0704522
352  406  0.0310805
353  376  0.0910536
353  404  0.0831612
353  405  0.0225654
354  375  0.147745
354  403  0.0869876
354  404  0.0132967
355  374  0.145654
356  373  0.143256
356  401  0.0695964
357  372  0.141041
357  399  0.0215682
357  400  0.0753871
358  398  0.022422
358  399  0.0701651
359  397  0.021898
360  396  0.016102
360  397  0.0117476
361  396  0.01158
361  397  0.0503827
362  396  0.0520689
363  395  0.0516411
364  394  0.0405586
366  390  0.0625571
366  392  0.0304605
367  377  0.0165162
367  389  0.0642368
367  391  0.0304409
368  376  0.0164152
368  387  0.0968221
368  390  0.0150575
369  375  0.0162067
369  381  0.0225596
369  386  0.124243
370  380  0.0225783
370  385  0.129397
371  379  0.0220411
371  384  0.127005
372  383  0.12526
373  382  0.124531
374  381  0.120795
374  448  0.403942
375  447  0.301283
376  446  0.20256
377  403  0.0123603
377  445  0.149704
378  402  0.0126321
378  444  0.0965044
378  445  0.0167095
379  401  0.0129007
379  444  0.0152891
380  394  0.0119632
380  400  0.0128541
380  408  0.107776
381  393  0.0118788
381  399  0.0125742
381  407  0.106223
382  392  0.0116684
382  406  0.0845866
383  391  0.0113756
383  441  0.809506
384  390  0.0110396
384  401  0.212433
384  440  0.994894
385  389  0.0107667
385  394  0.0117471
385  400  0.256259
385  438  0.0689372
385  439  0.990342
386  393  0.0115422
386  399  0.25408
386  437  0.0660989
386  438  0.915795
387  398  0.252453
387  434  0.250143
387  437  0.830584
388  397  0.250742
388  433  0.368927
388  436  0.754557
389  396  0.245255
389  432  0.420782
389  435  0.696677
390  395  0.237812
390  431  0.426869
390  434  0.623499
391  430  0.453771
391  432  0.539617
391  433  0.0283197
392  429  0.43137
392  431  0.532472
393  404  0.0187814
393  428  0.406769
393  430  0.502367
394  403  0.0229067
395  402  0.0218237
395  426  0.359836
395  428  0.142361
396  425  0.318889
396  427  0.17901
397  425  0.0484679
397  427  0.0159249
398  424  0.0613811
398  426  0.0161796
399  424  0.0141939
400  424  0.0158533
401  410  0.023202
401  420  0.0176992
401  422  0.611213
401  423  0.011117
402  409  0.0741484
402  419  0.0187275
402  421  0.629464
403  408  0.0777418
403  418  0.0182386
403  420  0.615203
404  419  0.589727
405  418  0.533752
406  416  0.11195
407  414  0.0689087
407  415  0.342995
408  414  0.340488
