1  12  0.41922
1  144  0.50167
2  11  0.242371
2  143  0.271148
3  10  0.208333
3  142  0.18861
4  9  0.122854
5  139  0.0172051
5  140  0.0910595
6  138  0.0132787
6  139  0.0577091
6  140  0.0158402
7  18  0.0941675
7  139  0.0325187
7  140  0.0127567
8  17  0.0908626
8  114  0.0110271
9  16  0.0815596
9  113  0.0113908
9  138  0.033674
9  157  0.0171138
10  15  0.0774901
10  112  0.0106079
10  156  0.0102538
11  31  0.0182839
11  141  0.0513495
12  28  0.0651783
12  30  0.0163082
12  135  0.246148
12  140  0.0473883
12  161  0.0186605
13  27  0.0611913
13  134  0.229028
13  139  0.0435206
13  161  0.0654676
14  26  0.0516191
14  33  0.03506
14  133  0.212276
14  146  0.224154
15  21  0.0117737
15  32  0.0487181
15  132  0.194817
15  145  0.278891
16  26  0.0113074
16  31  0.0483914
16  64  0.382481
16  144  0.270973
17  25  0.0118968
17  30  0.0448078
17  63  0.393327
17  143  0.255036
18  24  0.0110611
18  31  0.0114292
18  57  0.0443894
18  62  0.389913
18  142  0.239873
19  30  0.0104568
19  56  0.043072
19  61  0.369295
20  55  0.0411537
20  60  0.350792
21  27  0.0284877
21  28  0.0185409
21  30  0.0162829
21  54  0.0392155
21  59  0.333956
21  139  0.2059
21  166  0.011191
22  27  0.0169577
22  29  0.0155671
22  138  0.195873
23  28  0.0127636
23  42  0.124718
23  137  0.184438
24  41  0.268146
24  51  0.0282514
24  56  0.2715
24  136  0.160405
25  40  0.283395
25  50  0.0269772
25  55  0.265526
25  173  0.192211
26  39  0.275997
26  47  0.0205168
26  49  0.0203347
26  54  0.24945
26  134  0.0523706
26  172  0.118563
27  38  0.265694
27  46  0.0267135
27  53  0.23272
27  133  0.124102
27  171  0.0847592
28  37  0.256063
28  45  0.0258139
28  46  0.0238555
28  52  0.223064
28  132  0.121494
28  170  0.0655404
29  36  0.235296
29  44  0.0252766
29  45  0.0242112
29  50  0.0183181
29  133  0.0154767
29  169  0.052322
30  35  0.114033
30  43  0.0229555
30  44  0.0200029
30  130  0.0822767
30  132  0.0151864
30  168  0.0408021
30  175  0.145229
31  129  0.0818718
31  166  0.0320662
31  174  0.103376
32  42  0.0381723
32  165  0.0250049
33  41  0.038782
33  51  0.109446
33  124  0.0383301
33  127  0.0315544
33  131  0.0311084
33  172  0.0178706
34  40  0.0366512
34  43  0.0225424
34  50  0.11013
34  123  0.0533435
34  126  0.0301951
34  130  0.0333703
34  163  0.017168
34  171  0.0142918
34  178  0.0248954
35  39  0.0280483
35  42  0.0231627
35  49  0.106344
35  122  0.0553647
35  129  0.0307073
35  162  0.0164758
35  177  0.0288414
36  41  0.0217783
36  48  0.100766
36  121  0.0545328
36  161  0.0140736
36  176  0.0274318
37  47  0.0745908
37  120  0.0531888
38  51  0.0110724
38  119  0.0514517
38  127  0.0949154
38  129  0.0189422
38  174  0.131129
39  45  0.03435
39  50  0.0111498
39  118  0.0414083
39  125  0.0263155
39  126  0.102262
39  128  0.0468632
39  173  0.149868
40  47  0.0118987
40  49  0.0107885
40  124  0.0246865
40  127  0.0516706
40  172  0.136882
41  46  0.0149221
41  117  0.040079
41  126  0.0505196
41  171  0.123856
42  116  0.0444289
42  123  0.514445
42  125  0.0410725
42  170  0.111456
43  115  0.0370336
43  122  0.570769
43  124  0.0278327
44  121  0.607081
44  167  0.0401712
44  191  0.440654
45  113  0.0483169
45  120  0.60895
45  166  0.0427287
45  167  0.0824322
45  190  0.514933
46  112  0.0494926
46  119  0.599036
46  165  0.0429523
46  166  0.0765278
46  189  0.467509
47  111  0.0479564
47  118  0.585309
47  164  0.0367561
47  188  0.352287
48  110  0.0445777
48  117  0.570197
48  163  0.0282534
48  164  0.0441017
48  187  0.233678
48  193  0.0200258
49  109  0.0332105
49  116  0.550234
49  163  0.0670548
49  192  0.0154611
50  61  0.0626257
50  115  0.520706
50  162  0.0662081
50  191  0.0105479
51  60  0.0799116
51  114  0.445139
52  59  0.0848131
52  112  0.115369
52  161  0.0811745
52  198  0.611396
53  63  0.343213
53  160  0.0775243
53  197  0.454951
53  200  0.0945973
54  62  0.420271
54  95  0.0173033
54  159  0.0740208
54  196  0.355322
54  199  0.0740111
54  202  0.0175148
55  61  0.407207
55  94  0.0185664
55  158  0.0671025
55  195  0.260578
55  198  0.022891
55  200  0.0234156
55  203  0.0108524
56  60  0.314358
56  93  0.0187676
57  92  0.0185573
57  156  0.0323034
57  198  0.644759
58  155  0.0281525
58  197  0.565452
58  200  0.0522907
59  89  0.0413007
59  95  0.0143593
59  132  0.0583926
59  154  0.0168936
59  196  0.489238
59  199  0.0576146
60  88  0.0452991
60  94  0.0154031
60  131  0.0619103
60  195  0.388925
60  198  0.0452455
61  87  0.0428497
61  93  0.0154193
61  130  0.0620926
62  92  0.0152267
62  96  0.0106069
62  129  0.0612507
62  189  0.0175588
62  211  0.496935
63  91  0.0126319
63  95  0.0104344
63  128  0.0559458
63  188  0.0136386
63  192  0.013991
63  210  0.167368
64  88  0.0108557
64  94  0.0101014
64  127  0.0422805
64  191  0.0121925
64  209  0.0927552
65  83  0.775384
65  86  0.0432304
65  126  0.0170714
66  82  0.926236
66  85  0.0547292
67  81  0.929187
67  84  0.0538853
68  80  0.941019
68  83  0.0475405
69  79  0.953306
69  82  0.0381064
70  78  0.942699
70  81  0.0302137
70  199  0.0205898
71  77  0.916838
71  198  0.016614
72  76  0.710528
73  197  0.0542423
73  218  0.25183
74  196  0.0648997
74  217  0.250707
74  220  0.0384158
75  195  0.0604798
75  216  0.191919
75  219  0.0255343
75  224  0.0138541
76  194  0.0556978
76  215  0.138875
76  218  0.0148639
77  193  0.0476054
79  219  0.0101819
79  225  0.0438572
80  191  0.0240234
80  213  0.0786929
80  224  0.0289517
80  227  0.200544
81  190  0.0263786
81  212  0.0809276
81  223  0.017491
81  226  0.191968
82  189  0.0253527
82  211  0.0741481
82  225  0.144748
83  212  0.0100383
83  224  0.0998859
83  226  0.032701
83  227  0.0115155
84  166  0.0105632
84  211  0.0105084
84  225  0.0187494
85  165  0.0103869
85  225  0.599141
86  113  0.0281341
86  204  0.0595485
86  212  0.187926
86  224  0.511227
87  112  0.0325744
87  115  0.0313026
87  203  0.0694494
87  211  0.19883
87  223  0.434161
88  110  0.0168639
88  111  0.0288168
88  114  0.0358083
88  202  0.0660288
88  210  0.189884
88  222  0.351651
88  228  0.0129393
89  113  0.036766
89  201  0.0506654
89  205  0.0106818
89  209  0.175909
89  227  0.0133697
90  112  0.0346027
90  200  0.0313096
90  201  0.0365283
90  204  0.0122162
90  208  0.15529
90  219  0.0121626
90  224  0.0111435
90  226  0.012232
91  107  0.285235
91  200  0.0509731
91  203  0.0118383
91  207  0.117946
91  218  0.0145682
91  223  0.0110972
92  101  0.015024
92  106  0.356914
92  108  0.45115
92  199  0.0588867
92  202  0.0105809
92  217  0.0131107
92  220  0.118591
92  221  0.0328347
92  233  0.0301279
93  100  0.0159146
93  105  0.363381
93  107  0.448737
93  198  0.0495366
93  219  0.0959187
93  232  0.0248662
94  99  0.0152448
94  104  0.363503
94  106  0.444354
94  231  0.0209499
95  103  0.36054
95  105  0.438832
95  197  0.0591267
95  218  0.207574
95  230  0.0172517
96  102  0.354265
96  104  0.430631
96  196  0.0623663
96  217  0.214187
96  229  0.0106872
97  103  0.400221
97  195  0.0574769
97  216  0.199781
98  194  0.0423177
98  215  0.184691
99  214  0.163106
100  245  0.0135219
101  135  0.0442787
101  244  0.0116076
102  134  0.0443348
102  211  0.13375
103  128  0.0112754
103  133  0.0414925
103  210  0.124698
103  250  0.146919
104  127  0.0112116
104  209  0.109003
104  249  0.106148
104  251  0.096875
105  247  0.0239275
105  248  0.0738743
105  250  0.0696019
106  131  0.0632721
106  249  0.0496069
107  130  0.0742514
107  245  0.282359
107  248  0.0253937
107  256  0.788232
108  124  0.0118809
108  129  0.0759904
108  244  0.284692
108  255  0.540388
108  257  0.0163574
109  122  0.0204238
109  208  0.0116872
109  243  0.242194
109  254  0.324538
110  121  0.024378
110  207  0.0126269
110  242  0.168084
110  253  0.218462
111  120  0.0247083
111  127  0.438256
111  206  0.0122158
111  252  0.116445
112  126  0.527881
113  118  0.0159268
113  125  0.536733
113  250  0.0199764
114  124  0.533062
114  203  0.0137704
114  249  0.020262
115  123  0.526519
115  202  0.0140885
115  248  0.0146757
116  122  0.507741
116  201  0.0109316
117  121  0.349234
117  201  0.0180326
118  200  0.0228894
118  249  0.0118766
119  153  0.0344988
119  199  0.0249097
119  248  0.0132141
120  152  0.0341197
120  247  0.0125435
121  151  0.0335353
121  246  0.0114107
122  150  0.0329922
123  149  0.032629
123  197  0.0600348
123  218  0.0104393
124  148  0.0320618
124  163  0.0134068
124  196  0.0659897
124  217  0.0112293
125  147  0.029195
125  162  0.0147622
125  195  0.0641612
125  216  0.0104539
126  161  0.0114512
126  194  0.0613847
127  193  0.0537884
127  272  0.774915
128  143  0.0190561
128  160  0.304435
128  271  0.738641
129  142  0.0209919
129  159  0.60734
129  270  0.876625
130  158  0.58133
131  269  0.36409
132  139  0.0299528
132  156  0.679848
132  267  0.535206
132  268  0.373376
133  138  0.0292321
133  143  0.0150753
133  155  0.683195
133  265  0.0148513
133  267  0.322477
134  142  0.0190101
134  154  0.675659
134  186  0.0102061
134  264  0.0136162
134  266  0.135081
134  277  0.18023
135  141  0.0188061
135  153  0.666521
135  185  0.0100185
135  263  0.0101595
135  264  0.918178
135  276  0.140895
136  152  0.654266
136  263  0.893464
136  275  0.112565
137  146  0.06145
137  151  0.594491
137  236  0.0319768
137  262  0.866147
137  273  0.0119509
137  274  0.0872509
138  145  0.106504
138  150  0.512285
138  235  0.0371993
138  261  0.827471
138  272  0.0113563
138  273  0.0563515
139  144  0.119949
139  145  0.0146063
139  148  0.0126034
139  234  0.0370765
139  260  0.778591
139  270  0.1724
140  144  0.0140894
140  233  0.0357817
140  269  0.167244
141  232  0.033323
141  258  0.818908
141  268  0.156558
142  257  0.776064
142  267  0.143884
143  256  0.735549
143  260  0.0225869
143  266  0.0421801
143  292  0.736087
144  198  0.0159696
144  255  0.698075
144  259  0.0387454
144  291  0.546411
145  197  0.015197
145  254  0.648457
145  258  0.0366202
145  290  0.331984
146  251  0.0260159
146  253  0.489103
146  257  0.0346977
146  289  0.236248
147  231  0.0269881
147  250  0.0365124
147  256  0.0330482
147  288  0.18144
147  296  0.0196253
148  194  0.058452
148  230  0.027149
148  249  0.0357823
148  251  0.248647
148  255  0.0303217
148  287  0.119226
148  289  0.0153195
149  192  0.0111416
149  193  0.0622833
149  229  0.0251522
149  248  0.0309372
149  250  0.240219
149  288  0.0143563
150  191  0.0127709
150  249  0.138271
150  252  0.0142
150  253  0.0713717
150  285  0.0128083
150  286  0.0154215
150  287  0.0103827
151  190  0.0129387
151  191  0.132183
151  227  0.022499
151  251  0.013548
151  252  0.116285
151  284  0.0119133
151  285  0.0137816
151  287  0.0362973
152  189  0.0114417
152  190  0.163586
152  226  0.0249394
152  251  0.0980671
152  284  0.0106956
152  286  0.058386
153  189  0.163265
153  225  0.0243708
153  244  0.0230145
153  285  0.054587
153  290  0.0134912
154  224  0.01478
154  243  0.0207256
154  249  0.205339
154  282  0.0150678
154  284  0.0450901
154  289  0.0115792
155  184  0.0143517
155  187  0.0753896
155  222  0.0171333
155  248  0.255525
155  281  0.0155452
155  304  0.0472016
156  183  0.0232728
156  184  0.063702
156  185  0.117847
156  186  0.0619702
156  221  0.016649
156  247  0.251777
156  280  0.0141551
156  298  0.109459
156  299  0.0193195
156  303  0.0233194
157  182  0.0276065
157  183  0.097182
157  184  0.131675
157  246  0.244819
157  279  0.0126583
157  297  0.107467
157  298  0.0109117
157  302  0.0120756
158  181  0.0267422
158  182  0.102482
158  183  0.11022
158  245  0.237136
158  296  0.0969237
159  244  0.229436
159  295  0.0863409
159  306  0.0303976
160  180  0.695062
160  294  0.0595003
160  304  0.0178049
160  305  0.0117711
161  179  0.972045
161  293  0.0379787
161  303  0.0176801
162  178  0.963166
162  292  0.0332458
162  302  0.0135892
163  177  0.949808
163  291  0.0272371
164  176  0.938271
164  290  0.0182412
165  175  0.925388
165  180  0.017999
165  300  0.010887
166  179  0.022698
167  173  0.734421
167  178  0.0224093
168  172  0.576114
168  177  0.0219351
169  176  0.0175666
171  318  0.0122169
173  315  0.131093
174  199  0.0108355
174  296  0.0740238
174  314  0.132891
174  319  0.0400539
175  198  0.0106469
175  295  0.0769642
175  313  0.11
175  318  0.0336674
176  294  0.070416
176  317  0.0239246
177  293  0.0558375
179  291  0.0565811
180  191  0.0121969
180  208  0.022399
180  216  0.0281308
180  290  0.0538007
181  190  0.0229961
181  191  0.0221705
181  207  0.0395703
181  215  0.0596348
181  289  0.0416727
182  189  0.0232614
182  190  0.0285204
182  206  0.0445397
182  214  0.0675936
183  189  0.0283293
183  190  0.0102293
183  191  0.0553719
183  205  0.0450609
183  213  0.0690532
183  287  0.048515
184  190  0.0707069
184  204  0.043366
184  212  0.0688291
184  286  0.0527443
184  313  0.0222805
184  331  0.0214373
185  189  0.0705231
185  211  0.0674018
185  285  0.0504499
185  291  0.0202019
185  312  0.0373452
185  313  0.0479681
185  330  0.0154496
186  290  0.0198822
186  311  0.0344175
186  312  0.0451371
186  330  0.0192165
187  198  0.0286942
187  201  0.0572702
187  209  0.040847
187  283  0.0428555
187  289  0.0182181
187  311  0.0408088
187  316  0.0391692
188  197  0.0691926
188  200  0.0618762
188  208  0.0418623
188  282  0.0452156
188  315  0.0578925
188  328  0.0233869
188  335  0.0850354
189  196  0.0763022
189  199  0.0615127
189  281  0.0439057
189  314  0.060164
189  327  0.021489
189  334  0.218631
190  280  0.0419483
190  333  0.176509
191  279  0.0368931
191  332  0.142257
192  204  0.022652
192  283  0.0187852
192  331  0.117058
193  203  0.0257925
193  282  0.0234018
193  311  0.0122311
193  330  0.0975402
194  202  0.0241655
194  246  0.0319299
194  281  0.0233549
194  297  0.0107084
194  329  0.0706403
195  245  0.0416648
195  280  0.0210354
195  296  0.0155124
195  310  0.754259
196  244  0.0420936
196  295  0.0158135
196  309  0.841851
197  278  0.0276281
197  294  0.0127094
197  308  0.856664
198  241  0.357801
198  277  0.0277533
198  296  0.0160377
198  307  0.834142
198  336  0.0148618
198  347  0.0301334
199  240  0.353077
199  295  0.0162536
199  306  0.795433
199  335  0.0129059
199  346  0.0135062
200  239  0.346325
200  275  0.0130425
200  294  0.0149662
200  305  0.696011
200  334  0.0107296
201  238  0.33974
201  274  0.0135372
201  293  0.0110214
201  304  0.507793
202  237  0.332802
202  282  0.018268
203  236  0.320572
203  281  0.0197299
203  302  0.0219904
204  235  0.268812
204  280  0.0193181
205  279  0.0182742
206  275  0.0866496
206  278  0.0100302
206  281  0.0384128
207  274  0.111219
207  280  0.0432465
207  298  0.0130696
208  273  0.114808
208  279  0.0435085
208  297  0.014511
209  228  0.0108629
209  231  0.202841
209  250  0.0301304
209  266  0.27161
209  272  0.114044
209  278  0.0398649
209  296  0.014092
210  218  0.0133906
210  227  0.0106941
210  230  0.204574
210  249  0.0323725
210  265  0.292114
210  271  0.111865
210  295  0.013455
211  217  0.0158788
211  229  0.198953
211  248  0.0321438
211  264  0.294009
211  270  0.109709
211  276  0.0522261
211  277  0.0164107
211  294  0.011829
211  299  0.0143882
211  301  0.0401073
211  303  0.0641665
211  349  0.0210759
211  359  0.107927
212  228  0.175013
212  247  0.0310269
212  263  0.28477
212  269  0.105621
212  275  0.0419645
212  293  0.0103116
212  298  0.0130416
212  302  0.0610844
212  348  0.0163887
212  358  0.0545167
213  246  0.0292708
213  248  0.0389562
213  262  0.272212
213  274  0.0313017
213  275  0.0420331
213  350  0.0101383
213  357  0.0339458
214  245  0.0268906
214  247  0.0448512
214  261  0.190051
214  273  0.0211529
214  274  0.0596448
214  298  0.127995
214  356  0.020898
215  246  0.0466316
215  260  0.0582124
215  266  0.0103866
215  272  0.0113873
215  273  0.0697745
215  297  0.142179
215  348  0.162855
216  245  0.047337
216  272  0.0781324
216  296  0.146649
216  310  0.0124919
216  347  0.187789
216  365  0.0434706
217  244  0.0467972
217  257  0.0127035
217  258  0.0164142
217  271  0.0849737
217  295  0.144755
217  309  0.0131318
217  346  0.176285
217  364  0.0171003
217  366  0.0396394
218  256  0.0121887
218  261  0.153832
218  293  0.0496576
218  294  0.0928133
218  308  0.0128018
218  345  0.155479
218  365  0.0109102
219  233  0.0357791
219  241  0.093547
219  256  0.0361846
219  260  0.290812
219  269  0.0795478
219  292  0.0989115
219  293  0.0447581
219  307  0.0124191
219  367  0.367311
220  232  0.0358166
220  240  0.0920007
220  255  0.0372317
220  259  0.307485
220  268  0.0796701
220  291  0.140966
220  306  0.0118781
220  366  0.203724
221  258  0.302213
221  267  0.0776989
221  290  0.137486
221  343  0.121616
221  364  0.149405
221  369  0.0972652
222  230  0.0305696
222  237  0.099956
222  251  0.0292262
222  257  0.294805
222  289  0.131109
222  342  0.113735
222  363  0.116188
222  368  0.0482316
223  229  0.0303116
223  236  0.107693
223  248  0.0101832
223  250  0.03001
223  256  0.278191
223  266  0.0125258
223  288  0.104174
223  341  0.095266
223  362  0.0860461
223  367  0.0262377
224  228  0.0174324
224  235  0.10899
224  248  0.401667
224  321  0.0175218
224  350  0.0113556
225  234  0.107877
225  247  0.452952
225  248  0.010252
225  264  0.0393226
225  320  0.0237553
225  349  0.0114436
226  246  0.459209
226  247  0.010964
226  263  0.0381231
226  319  0.0212506
226  348  0.0105291
227  245  0.456789
227  246  0.0103744
227  262  0.0259771
228  244  0.447302
228  252  0.023092
229  243  0.399367
229  251  0.0261692
230  250  0.0260628
230  374  0.0111639
231  242  0.476361
231  249  0.0238085
231  315  0.0722783
231  373  0.0103736
232  241  0.493485
232  248  0.0209283
232  260  0.0430366
232  314  0.0913682
233  240  0.478909
233  259  0.0460279
233  313  0.0886292
233  370  0.0138979
234  244  0.0212501
234  258  0.0452013
234  312  0.0858898
234  369  0.0120626
235  243  0.0210053
235  257  0.0339284
235  311  0.058692
236  242  0.0185057
236  257  0.0115529
236  311  0.0238866
236  385  0.0110047
237  256  0.0208885
237  310  0.0462603
238  254  0.0139162
238  255  0.0211095
238  309  0.040945
239  253  0.0137665
239  254  0.0199803
239  387  0.773425
240  307  0.0828655
240  336  0.0374557
240  380  0.0147326
240  386  0.656505
240  389  0.0398006
241  306  0.0810187
241  335  0.0364726
241  379  0.0142856
241  385  0.438964
241  388  0.0134665
242  305  0.0779674
242  334  0.0351611
242  378  0.010261
242  384  0.279945
243  304  0.0725638
243  333  0.033773
244  288  0.0194352
244  303  0.0648754
244  332  0.0322093
244  382  0.0366368
245  287  0.0326098
245  331  0.0302534
246  286  0.0377176
246  330  0.0249399
247  285  0.0377383
248  284  0.0348449
248  346  0.0103862
248  379  0.0153167
249  345  0.0158442
249  378  0.0145465
250  282  0.0796186
250  344  0.0156505
250  377  0.0123713
251  281  0.0842955
252  280  0.0838766
253  279  0.0825395
253  305  0.0484305
253  341  0.0166999
254  278  0.0793757
254  304  0.0567321
254  341  0.0158259
255  266  0.0203067
255  277  0.0751885
255  303  0.0575316
255  326  0.0106895
255  339  0.491527
255  340  0.0107986
255  392  0.0264439
255  393  0.255193
256  265  0.0231895
256  271  0.0123922
256  325  0.0105268
256  338  0.492108
256  394  0.0194763
257  264  0.0237123
257  270  0.0143674
257  276  0.0565914
257  301  0.0717771
257  324  0.0102896
257  337  0.481294
257  382  0.0114868
257  391  0.393275
257  392  0.0211884
257  393  0.0206598
258  263  0.0144836
258  269  0.0139784
258  275  0.0528583
258  300  0.070748
258  323  0.0100475
258  336  0.46527
258  337  0.0245376
258  381  0.0106422
258  390  0.442218
258  392  0.016036
259  274  0.0448322
259  299  0.0693751
259  336  0.026372
259  389  0.400433
260  267  0.0127647
260  335  0.0267404
260  388  0.348708
261  387  0.249662
261  388  0.0164843
262  387  0.0238515
262  410  0.0134722
263  331  0.42699
263  409  0.0162391
264  271  0.0188302
264  295  0.0582683
264  330  0.425935
264  379  0.0144956
264  385  0.289938
264  408  0.0119921
264  412  0.386587
264  413  0.110544
265  294  0.0554695
265  329  0.415739
265  378  0.0138707
265  384  0.273423
265  411  0.191488
266  328  0.406133
266  377  0.0131582
266  383  0.256755
266  410  0.118006
266  412  0.0974012
267  277  0.0866465
267  292  0.0167115
267  300  0.0656262
267  301  0.0186707
267  327  0.396229
267  376  0.0125404
267  382  0.242494
267  411  0.274259
268  276  0.0859078
268  299  0.0653275
268  300  0.0181308
268  326  0.342287
268  375  0.0118363
268  381  0.228815
268  415  0.0459821
268  417  0.0499128
269  290  0.0161161
269  325  0.262909
269  409  0.302583
269  414  0.0308679
270  285  0.0102155
270  290  0.0137418
270  291  0.0273398
270  318  0.0210728
270  377  0.040382
270  379  0.148623
270  408  0.269237
270  413  0.0222936
270  416  0.0577571
271  288  0.0545172
271  317  0.017794
271  323  0.0347583
271  324  0.0162072
271  376  0.0385961
271  378  0.0742627
271  415  0.0419989
271  417  0.14152
272  287  0.0581564
272  289  0.0251168
272  316  0.0151689
272  406  0.0607247
272  407  0.145139
272  414  0.0310969
272  416  0.0900688
273  286  0.0585396
273  315  0.0157529
273  405  0.0729686
273  406  0.150999
273  413  0.0239754
274  285  0.0569849
274  287  0.0687071
274  404  0.0669454
274  405  0.138853
274  412  0.015685
274  414  0.051553
275  284  0.0523475
275  286  0.0864192
275  313  0.0209453
275  403  0.0608829
275  404  0.126709
275  413  0.0445872
275  414  0.0425308
276  285  0.0845534
276  291  0.206818
276  312  0.0249581
276  313  0.0153667
276  370  0.0444597
276  402  0.0560683
276  403  0.115876
276  412  0.0391257
276  413  0.0403012
276  422  0.050494
277  285  0.0467399
277  290  0.206615
277  311  0.0247386
277  312  0.0151728
277  369  0.0429867
277  401  0.0518586
277  402  0.106454
277  410  0.0382588
277  412  0.0347106
277  421  0.0351315
278  284  0.0486729
278  289  0.18992
278  311  0.0144545
278  368  0.0396553
278  400  0.0475164
278  401  0.0972357
278  409  0.0345711
278  420  0.0256678
279  283  0.0334853
279  287  0.0229656
279  399  0.0402037
279  400  0.0859424
279  408  0.0307791
279  419  0.0168968
280  286  0.0262636
280  287  0.0842165
280  364  0.0178666
280  398  0.0316968
280  399  0.0703631
280  407  0.0262041
281  285  0.0213184
281  286  0.0785115
281  363  0.0224251
281  397  0.0218827
281  398  0.0514567
281  406  0.0141484
282  362  0.0216956
283  305  0.132599
284  304  0.152477
284  308  0.033313
284  429  0.0152095
285  298  0.0119728
285  303  0.156289
285  307  0.0348334
285  359  0.0551773
285  427  0.283658
286  297  0.0146977
286  302  0.134356
286  305  0.0357738
286  358  0.0539037
286  426  0.204302
287  296  0.016151
287  304  0.0344241
287  357  0.044604
287  426  0.0552559
287  431  0.0108071
288  295  0.0163546
288  425  0.0659644
289  294  0.0135404
289  302  0.184682
289  341  0.0104507
289  356  0.0678296
289  391  0.0110889
290  300  0.123543
290  301  0.231744
290  323  0.0129329
290  340  0.0114934
290  355  0.0741891
290  390  0.0117007
290  411  0.0108682
290  418  0.0389358
290  423  0.0351188
290  424  0.847976
290  438  0.0528073
291  299  0.122353
291  300  0.227585
291  322  0.0128479
291  339  0.011265
291  354  0.0725177
291  389  0.0112361
291  417  0.0356449
291  423  0.759668
292  353  0.0707442
292  409  0.0255715
292  410  0.0540695
292  416  0.0304053
292  420  0.0115695
292  421  0.0931967
292  422  0.636259
292  436  0.0186878
293  352  0.0687197
293  408  0.0271052
293  409  0.100481
293  419  0.0161362
293  420  0.140928
293  421  0.512141
293  435  0.0149679
293  442  0.196581
294  351  0.0654739
294  407  0.0250493
294  408  0.0938887
294  419  0.155387
294  420  0.305038
294  434  0.0124795
294  441  0.224888
295  350  0.0544732
295  417  0.471224
295  418  0.105621
295  433  0.0104549
295  440  0.157851
296  406  0.210638
296  416  0.464393
296  439  0.102261
297  405  0.295797
298  315  0.011169
298  404  0.308556
298  414  0.550818
299  313  0.0576937
299  403  0.302216
299  413  0.535969
299  437  0.0797531
300  312  0.0588577
300  346  0.0222647
300  402  0.295807
300  412  0.521604
300  436  0.0744849
301  311  0.0584137
301  401  0.289444
301  410  0.496428
301  435  0.0691538
302  331  0.0100029
302  344  0.0554813
302  399  0.1255
302  400  0.15136
302  409  0.484157
302  434  0.056783
303  309  0.0470074
303  330  0.0105331
303  343  0.0569485
303  398  0.245728
303  408  0.472415
304  316  0.0125813
304  342  0.05272
304  397  0.238086
304  407  0.451715
305  315  0.0211621
305  328  0.011622
305  396  0.223259
305  397  0.0112484
305  406  0.382382
306  314  0.0245751
306  317  0.0189348
306  327  0.0146627
306  340  0.0157259
306  389  0.169087
307  313  0.0243729
307  316  0.0198438
307  343  0.0218405
307  388  0.171294
307  448  0.0150308
308  312  0.0196366
308  315  0.0196829
308  342  0.0214886
308  387  0.168467
308  394  0.172836
309  314  0.0193089
309  326  0.198153
309  339  0.102772
309  341  0.017071
309  386  0.165141
309  393  0.180435
309  446  0.167255
309  447  0.0137622
310  325  0.245912
310  338  0.100882
310  383  0.0274762
310  385  0.130534
311  324  0.402759
311  337  0.0680215
311  339  0.0305173
311  382  0.156956
311  391  0.174017
311  445  0.314758
311  446  0.0835583
312  323  0.400426
312  336  0.0350186
312  337  0.167789
312  381  0.155869
312  390  0.187324
312  444  0.253749
312  445  0.0623621
313  322  0.39646
313  336  0.201839
313  380  0.153354
313  389  0.18448
313  443  0.212944
313  444  0.0494023
314  335  0.232289
314  379  0.15251
314  388  0.180886
314  442  0.213527
315  321  0.247416
315  334  0.226507
315  378  0.134681
316  320  0.236735
316  326  0.0576731
316  333  0.144084
316  386  0.119059
316  440  0.237418
317  325  0.0582649
317  385  0.115666
317  387  0.0461026
317  439  0.215106
318  324  0.0584225
318  332  0.194635
318  375  0.0476781
318  384  0.0690074
318  386  0.0528213
318  438  0.195827
319  331  0.214301
319  385  0.046419
319  437  0.163973
320  330  0.212892
320  383  0.0672875
320  436  0.148968
320  437  0.0123478
321  435  0.115973
321  436  0.0100519
322  383  0.0107902
322  435  0.0228079
324  379  0.183262
325  378  0.183799
325  431  0.0198428
326  377  0.18087
326  430  0.0100119
327  379  0.0122583
327  430  0.188923
328  374  0.400741
328  378  0.0124799
328  429  0.192251
329  373  0.457696
329  377  0.0121199
329  428  0.183726
330  372  0.472139
330  376  0.0109976
330  427  0.175634
331  371  0.465837
331  426  0.166642
332  370  0.458746
332  425  0.137493
333  369  0.4502
334  368  0.446394
335  367  0.440569
335  371  0.0127544
335  423  0.140843
336  366  0.336243
336  370  0.0146928
336  422  0.136285
337  366  0.100721
337  369  0.0145208
337  379  0.0279868
337  421  0.130692
338  365  0.196157
338  367  0.0171064
338  378  0.0281977
339  364  0.103823
339  366  0.0176038
339  377  0.0277719
340  364  0.357867
341  351  0.236948
341  363  0.44465
341  416  0.0101048
342  350  0.257937
342  362  0.439
342  415  0.010907
343  349  0.257859
343  359  0.0159174
343  361  0.422668
343  375  0.112875
344  348  0.193288
344  356  0.0135536
344  358  0.0190872
344  374  0.112459
345  373  0.111133
345  412  0.0137717
346  354  0.0500025
346  355  0.0133763
346  358  0.0172794
346  359  0.0179521
346  372  0.109751
346  411  0.0106535
347  353  0.049295
347  410  0.0318209
348  352  0.0338841
348  370  0.0594703
348  409  0.0445887
348  414  0.0123379
349  369  0.102467
349  408  0.0445178
349  413  0.0132429
350  368  0.0994973
350  407  0.0408909
350  412  0.0127455
351  367  0.0757736
351  411  0.0112537
353  365  0.0582152
353  367  0.0195696
353  371  0.0178083
354  364  0.0500502
354  366  0.0271645
354  370  0.0210251
354  398  0.0408252
354  402  0.0145319
354  403  0.403123
355  364  0.0532268
355  369  0.020876
355  397  0.0408317
355  401  0.0154113
355  402  0.407838
355  408  0.010379
356  363  0.0618668
356  368  0.0198779
356  396  0.0399178
356  400  0.0123206
356  401  0.400399
356  406  0.0313064
357  395  0.0380632
357  400  0.395549
357  405  0.0561437
358  394  0.0320302
358  399  0.392124
358  404  0.0630603
359  398  0.377615
359  403  0.0647341
360  370  0.0177282
360  397  0.359706
360  398  0.0156296
360  402  0.0633659
361  369  0.0181617
361  397  0.0251571
361  401  0.0620006
362  368  0.0177265
362  395  0.02782
362  396  0.0320409
362  400  0.0562505
363  367  0.0137659
363  391  0.0117044
364  390  0.011568
364  393  0.0309815
365  387  0.0924286
365  394  0.293372
366  386  0.1038
366  392  0.0340471
366  393  0.294083
367  385  0.101793
368  384  0.0881208
368  391  0.316419
369  382  0.0996897
369  390  0.324967
370  381  0.0983938
370  389  0.319514
371  388  0.282086
372  379  0.0957363
372  385  0.116759
372  388  0.0124404
372  416  0.0103081
373  378  0.0654964
373  384  0.114637
373  415  0.0103685
374  383  0.0993742
374  385  0.0119793
374  414  0.0100935
375  385  0.03717
375  403  0.0163119
376  383  0.167218
376  402  0.0159794
377  382  0.159336
377  417  0.0119429
377  440  0.0511195
378  387  0.0196555
378  400  0.0127278
378  416  0.0116135
378  439  0.0462622
379  386  0.0206358
379  415  0.0113418
379  438  0.0423206
380  385  0.017591
380  399  0.0147067
380  414  0.0111133
380  437  0.038768
381  398  0.0160002
381  413  0.010815
381  436  0.0358133
382  397  0.0156901
382  412  0.0105152
382  435  0.0332212
383  433  0.0287062
384  432  0.0273328
385  431  0.0258577
386  430  0.0245008
387  429  0.0184034
389  398  0.0405055
389  402  0.0356075
390  397  0.0457626
390  401  0.0387309
391  396  0.0384822
391  399  0.0560813
391  400  0.0198264
391  404  0.0399016
392  398  0.0823744
392  403  0.0435534
393  397  0.0798409
393  402  0.0425819
408  444  0.332648
409  443  0.285709
409  447  0.1524
410  433  0.0103108
410  446  0.131963
411  419  0.0436721
411  441  0.224037
412  418  0.0566312
412  440  0.195101
412  445  0.20614
413  417  0.0531373
413  427  0.0526643
413  440  0.0480685
413  444  0.16628
414  426  0.0524059
414  443  0.137623
415  425  0.0504823
415  439  0.379869
415  442  0.0519825
416  423  0.0365413
416  424  0.0254513
416  438  0.462127
417  422  0.0572324
417  437  0.423922
418  436  0.390897
421  433  0.218753
422  431  0.0986178
422  438  0.0306921
423  430  0.0952911
423  437  0.0282307
424  430  0.132015
424  436  0.0259121
425  429  0.0832562
429  439  0.0123386
430  438  0.0209244
431  437  0.0187215
433  448  0.554313
434  447  0.312408
435  445  0.0197298
435  446  0.217073
436  444  0.0162428
436  445  0.16251
437  443  0.0137151
437  444  0.12763
438  442  0.0285297
