1  136  0.0331568
2  133  0.0251821
3  132  0.0208611
3  134  0.761449
4  131  0.0155544
4  133  0.931513
5  130  0.0109915
5  132  0.968942
6  131  0.797225
8  129  0.699911
9  128  0.918956
10  127  0.861542
11  23  0.0148993
11  126  0.839385
12  22  0.013735
12  125  0.762974
13  21  0.0123646
13  24  0.0138627
13  31  0.0439976
13  32  0.0336928
13  123  0.131865
13  124  0.57523
13  161  0.0282093
14  23  0.0157024
14  30  0.0507719
14  31  0.0546529
14  41  0.0158612
14  42  0.0172145
14  122  0.240378
14  123  0.41433
14  160  0.0169954
15  29  0.040952
15  30  0.0545793
15  40  0.0148522
15  41  0.0160368
15  121  0.223866
15  122  0.378601
15  126  0.0115823
15  164  0.556093
16  125  0.0108317
16  163  0.241059
17  120  0.0516835
17  162  0.139484
18  26  0.0854856
18  28  0.18548
18  30  0.124639
18  32  0.0480788
18  40  0.0167029
18  54  0.0130476
18  119  0.0302273
18  160  0.0517812
18  161  0.0355121
18  167  0.307606
19  25  0.0784194
19  27  0.204209
19  29  0.116939
19  31  0.0548154
19  39  0.0157863
19  53  0.0140806
19  116  0.106653
19  159  0.0403103
19  166  0.10287
19  168  0.325259
20  24  0.0343341
20  26  0.1983
20  28  0.101432
20  30  0.0532688
20  38  0.0130437
20  52  0.0142475
20  115  0.10561
20  121  0.0169805
20  158  0.0216517
20  167  0.131232
21  51  0.0134173
21  114  0.0873557
21  120  0.0163635
21  165  0.150756
22  119  0.013513
22  164  0.12988
23  49  0.0166712
23  113  0.0109615
23  163  0.10494
24  48  0.0160746
24  112  0.0102248
24  162  0.0744508
25  47  0.0155413
26  46  0.0149863
43  73  0.120146
43  127  0.376445
43  186  0.0633095
44  72  0.127008
44  79  0.0601819
44  126  0.387105
44  172  0.451902
44  185  0.0519114
45  71  0.125093
45  78  0.0788412
45  125  0.376906
45  171  0.401396
45  184  0.0419129
46  70  0.122687
46  77  0.0826926
46  124  0.366834
46  169  0.656252
46  170  0.0103422
46  183  0.0321499
47  69  0.119483
47  76  0.0826566
47  123  0.362333
47  168  0.649381
48  68  0.105482
48  75  0.0827488
48  122  0.355069
48  167  0.625431
48  181  0.0137243
49  67  0.0917234
49  74  0.0857582
49  121  0.340165
49  166  0.58787
49  179  0.0237905
50  73  0.10117
50  165  0.554877
50  178  0.0216451
50  198  0.792047
51  68  0.012729
51  72  0.0967797
51  119  0.0800327
51  164  0.517131
51  197  0.406713
51  200  0.0117541
52  71  0.089928
52  118  0.0795419
52  163  0.469385
52  196  0.269456
53  66  0.362871
53  117  0.0513381
53  162  0.246534
53  195  0.188391
54  65  0.470762
54  73  0.0748245
54  194  0.119396
55  64  0.487887
55  72  0.441425
55  160  0.0106132
56  63  0.478876
56  71  0.486597
57  62  0.46771
57  70  0.506793
57  132  0.0101505
58  69  0.497663
58  131  0.0100491
59  68  0.487084
60  67  0.451466
60  200  0.100426
61  66  0.371309
61  199  0.0932958
62  198  0.0818531
63  197  0.0506761
64  125  0.0102069
66  203  0.064916
66  214  0.0145122
67  201  0.0182817
67  202  0.0618366
68  201  0.0485498
69  199  0.269143
70  125  0.0363114
70  198  0.277589
71  124  0.0358219
71  197  0.247801
72  120  0.0271971
72  196  0.21045
72  217  0.0205449
73  115  0.0733566
73  119  0.0420787
73  121  0.284368
73  209  0.160113
73  216  0.0212962
74  114  0.0723834
74  118  0.040918
74  120  0.268362
74  207  0.0188884
74  208  0.136915
75  87  0.0126516
75  113  0.0710821
75  117  0.0348481
75  118  0.0696583
75  206  0.0255968
75  207  0.116359
76  86  0.0165083
76  112  0.0699745
76  117  0.0895559
76  118  0.311911
76  202  0.0809479
76  205  0.0272358
76  206  0.0919164
76  213  0.0123255
77  85  0.0169847
77  111  0.0689956
77  117  0.367802
77  201  0.109795
77  204  0.0273329
77  205  0.0647351
77  212  0.0111633
78  84  0.0165617
78  110  0.0654839
78  116  0.35963
78  200  0.108481
78  203  0.0260239
79  83  0.0128698
79  109  0.0423394
79  114  0.711038
79  199  0.101595
79  202  0.0173571
80  113  0.79748
80  198  0.094443
81  109  0.0212848
81  112  0.787767
81  205  0.0141961
82  108  0.0482726
82  111  0.777213
82  201  0.0120994
82  204  0.0184874
83  107  0.050886
83  110  0.761734
83  200  0.0115912
83  203  0.0177128
84  106  0.0477429
84  108  0.0709121
84  109  0.623733
84  199  0.0100446
84  202  0.0150488
85  105  0.021829
85  107  0.11516
86  107  0.0266492
87  105  0.744097
87  200  0.0519318
88  104  0.786446
88  114  0.0128914
88  199  0.0547554
89  103  0.780114
89  113  0.0153457
89  198  0.0527263
90  102  0.702291
90  112  0.01517
90  196  0.0104445
90  237  0.0291095
91  111  0.0148784
91  201  0.0101709
91  236  0.0237129
92  99  0.015373
92  110  0.013072
92  235  0.0160427
93  99  0.0620414
93  107  0.0135719
93  193  0.0146914
94  106  0.0147809
94  192  0.0151644
94  198  0.012665
95  105  0.0124202
95  191  0.0140296
95  197  0.010655
98  200  0.0179918
99  199  0.0189619
99  247  0.0270111
100  198  0.0180698
100  246  0.0135739
101  190  0.0389227
101  246  0.436232
102  130  0.111602
102  133  0.0143294
102  189  0.0380693
102  241  0.14023
102  245  0.312024
103  129  0.165405
103  132  0.0156145
103  188  0.0371152
103  232  0.0470132
103  240  0.133531
103  244  0.235112
104  128  0.182045
104  131  0.0143881
104  187  0.0361044
104  231  0.0412803
104  239  0.11314
105  127  0.184075
105  186  0.0350173
105  238  0.0914601
105  253  0.0259787
106  126  0.186807
106  185  0.0339601
106  216  0.0107059
106  230  0.0487007
106  243  0.0315546
106  252  0.020086
106  255  0.0157162
107  125  0.179507
107  184  0.0299057
107  229  0.0448702
107  236  0.0136731
107  242  0.0276039
107  251  0.0126801
108  124  0.148665
108  228  0.0377205
108  235  0.0129801
108  241  0.0221022
109  123  0.0961224
110  125  0.0294093
110  212  0.0136972
111  124  0.0612406
111  131  0.0288286
111  211  0.0157529
112  123  0.0933335
112  130  0.0368475
112  133  0.0109467
112  210  0.0154148
113  122  0.103067
113  129  0.0395616
113  132  0.0110817
113  209  0.0148716
114  128  0.0408014
114  131  0.010262
115  127  0.0412516
115  208  0.0123842
115  262  0.117903
115  264  0.0428907
116  125  0.0256212
116  207  0.0111649
116  261  0.0671393
116  263  0.0144761
117  124  0.0255899
118  123  0.0177649
120  128  0.0113904
121  127  0.0127471
122  208  0.0265361
123  202  0.0107666
123  207  0.0265093
123  213  0.0241011
123  254  0.595944
124  201  0.0139122
124  206  0.025424
124  212  0.0310506
124  253  0.810342
125  187  0.0166956
125  200  0.0139005
125  209  0.0322978
125  211  0.0301007
125  252  0.820611
125  265  0.0244369
125  268  0.0318874
126  186  0.0169
126  198  0.0486697
126  208  0.0314084
126  251  0.753367
126  264  0.0203902
126  267  0.0300109
127  132  0.0146607
127  185  0.0164777
127  197  0.0478641
127  203  0.0266316
127  209  0.0735096
127  252  0.0123351
127  265  0.0639087
127  273  0.0192844
128  184  0.0140952
128  196  0.0464382
128  202  0.0269196
128  208  0.0712046
128  249  0.0112514
128  250  0.516978
128  251  0.0108606
128  264  0.0541607
128  272  0.0146559
129  195  0.0428045
129  201  0.019546
129  206  0.0110147
129  207  0.068233
129  248  0.0128316
129  249  0.563369
129  263  0.043999
129  271  0.0110301
130  194  0.0316101
130  205  0.0106474
130  206  0.0640868
130  247  0.0102673
130  248  0.539962
130  262  0.0370127
130  264  0.0135763
130  279  0.0731948
131  199  0.0276171
131  205  0.0522601
131  247  0.511104
131  261  0.0227565
131  263  0.0226797
131  278  0.110492
131  280  0.0437884
132  198  0.0279772
132  246  0.481646
132  262  0.0215216
132  277  0.0808183
132  279  0.0268033
133  237  0.0191909
133  261  0.0154158
133  276  0.0489204
133  278  0.0159124
134  236  0.0217042
135  157  0.936815
135  235  0.0194311
135  240  0.023182
136  151  0.0317481
136  156  0.933873
136  239  0.0221452
137  150  0.0368161
137  155  0.924879
137  233  0.0451757
137  238  0.0151985
138  149  0.0386047
138  154  0.914175
138  232  0.059563
139  148  0.0377851
139  231  0.0575245
139  235  0.0116585
140  151  0.027457
140  153  0.882785
140  230  0.0554968
140  234  0.0120176
141  150  0.0298308
141  152  0.869187
141  229  0.0518881
141  233  0.0115279
142  149  0.030951
142  151  0.85346
142  153  0.0156577
142  228  0.0352289
142  232  0.0105804
143  150  0.792299
143  152  0.0160262
144  151  0.0143865
147  200  0.060735
148  199  0.0668228
149  198  0.0672407
150  197  0.0640125
151  196  0.0528779
152  291  0.0601141
153  290  0.0982012
154  289  0.087392
154  301  0.0686395
155  300  0.0400535
156  283  0.0313224
156  285  0.0192227
156  288  0.0135214
156  290  0.0133614
156  299  0.0245063
157  178  0.0131038
157  208  0.0108412
157  282  0.0323008
157  284  0.0199384
157  286  0.0369623
157  289  0.031376
158  177  0.0200815
158  207  0.0116588
158  281  0.0304337
158  283  0.0101393
158  284  0.0298957
158  285  0.0196557
158  286  0.0762408
158  288  0.0264845
159  206  0.0102021
159  263  0.0107626
159  280  0.0278819
159  283  0.0654573
159  285  0.140456
160  262  0.0108265
160  277  0.0110525
160  279  0.0259966
160  282  0.0752827
160  284  0.1544
160  286  0.0248167
161  171  0.0139624
161  174  0.418633
161  204  0.0120438
161  236  0.0648024
161  261  0.0100733
161  278  0.0191323
161  281  0.0692117
161  283  0.141024
161  285  0.0226277
162  170  0.0157674
162  173  0.473688
162  203  0.0120141
162  235  0.0690375
163  169  0.0157294
163  172  0.474206
163  181  0.0852842
163  183  0.0843178
163  234  0.0679234
163  300  0.424768
164  171  0.458655
164  180  0.0843611
164  182  0.0834167
164  201  0.0202892
164  233  0.066004
164  299  0.438303
165  170  0.352655
165  179  0.0835725
165  181  0.0826403
165  200  0.0254757
165  232  0.0630047
165  298  0.419915
165  313  0.362948
166  178  0.0338895
166  180  0.0801707
166  199  0.0257367
166  280  0.269754
166  297  0.375139
166  312  0.18206
167  178  0.114011
167  198  0.0253733
167  279  0.289424
167  296  0.333646
167  311  0.117711
168  177  0.1103
168  278  0.276218
168  295  0.286233
169  178  0.0160078
169  277  0.263516
169  294  0.246986
170  177  0.0150897
170  194  0.0174853
170  276  0.249343
170  293  0.0335981
171  193  0.0197939
171  275  0.214183
171  292  0.0187804
172  192  0.018838
172  321  0.0173193
173  201  0.0171846
173  270  0.0841543
174  191  0.0257743
174  200  0.0177915
174  269  0.0876801
175  190  0.026406
176  198  0.169114
176  267  0.193923
177  188  0.0272292
177  197  0.165165
177  210  0.0124347
177  266  0.191941
178  187  0.0313281
178  193  0.375087
178  209  0.0141227
178  265  0.186046
178  302  0.0110399
179  186  0.0322266
179  192  0.391726
179  208  0.0138763
179  264  0.179832
179  301  0.0105508
180  191  0.386606
180  193  0.335951
181  190  0.381313
181  192  0.366993
182  189  0.304928
182  191  0.362816
182  193  0.13089
183  190  0.357881
183  192  0.145338
184  189  0.256053
184  191  0.143839
185  190  0.14148
186  209  0.023359
187  208  0.0229749
188  207  0.021925
189  206  0.018134
191  204  0.0156637
192  203  0.0187283
193  202  0.0182711
196  203  0.0212945
197  202  0.0224345
197  217  0.07387
197  224  0.016929
198  216  0.096028
198  223  0.0197727
199  215  0.0906698
199  222  0.0189774
199  310  0.0128306
200  309  0.0130197
201  308  0.0122197
202  307  0.0102525
202  343  0.0369418
203  212  0.0310257
203  342  0.0310253
203  344  0.0243067
204  211  0.0347423
204  343  0.0283983
205  210  0.0264593
205  305  0.0241254
206  228  0.0102795
206  304  0.0318588
206  340  0.04002
207  266  0.0140186
207  303  0.0328562
207  340  0.230897
208  226  0.209582
208  252  0.11685
208  265  0.0151198
208  302  0.0327508
208  338  0.490624
208  339  0.216425
208  349  0.0275298
209  225  0.212221
209  251  0.114996
209  264  0.0148042
209  301  0.0319312
209  337  0.697571
209  348  0.0254968
210  224  0.193281
210  250  0.112279
210  263  0.0143144
210  336  0.578446
210  347  0.0212938
211  249  0.101282
211  262  0.0126517
211  346  0.0154611
212  222  0.0915066
212  334  0.559468
213  221  0.08633
213  222  0.0105575
213  333  0.604673
214  248  0.0251537
214  332  0.57905
214  363  0.0570363
215  247  0.0302538
215  297  0.0134821
215  331  0.550208
215  362  0.0453151
216  246  0.0298588
216  296  0.0135334
216  301  0.010774
216  330  0.519912
216  361  0.0299108
217  245  0.0247223
217  300  0.0101408
217  329  0.38465
218  295  0.0222125
218  296  0.166654
219  294  0.0217434
219  295  0.166257
219  296  0.147313
220  293  0.0164754
220  294  0.157813
220  295  0.144826
220  296  0.349702
221  248  0.114779
221  293  0.033645
221  294  0.0708929
221  295  0.347447
222  247  0.129851
222  294  0.428785
223  246  0.130338
223  293  0.926955
224  235  0.0115118
224  245  0.128068
224  292  0.960051
225  234  0.0123254
225  244  0.123397
225  291  0.973348
226  290  0.96134
227  289  0.957052
228  288  0.895263
230  286  0.911013
231  285  0.894839
232  284  0.871718
234  282  0.675875
235  281  0.629122
239  247  0.0110043
239  278  0.537004
239  280  0.160446
239  283  0.0991442
240  246  0.0128016
240  277  0.532663
240  279  0.160624
240  282  0.102675
240  387  0.039918
241  276  0.519654
241  278  0.137126
241  281  0.0968895
241  386  0.0251169
241  389  0.0568546
242  275  0.470394
242  385  0.0157707
242  388  0.0349675
243  279  0.091878
243  387  0.0234056
244  277  0.248756
245  270  0.0467158
245  271  0.0162
245  272  0.070382
245  276  0.252198
245  384  0.039708
246  269  0.051561
246  275  0.248131
246  383  0.0425981
247  268  0.0475236
247  269  0.106315
247  274  0.24202
247  382  0.0359226
248  268  0.0831453
248  269  0.0193372
248  273  0.216183
248  305  0.0341416
248  381  0.0238004
249  268  0.0159511
249  304  0.0918139
250  266  0.42618
250  269  0.158075
250  303  0.107444
251  265  0.431633
251  268  0.175588
251  302  0.115915
252  264  0.424613
252  267  0.174298
252  301  0.115632
253  266  0.165612
253  269  0.0808117
253  300  0.106798
254  268  0.0945529
254  402  0.0194079
255  262  0.0556342
255  264  0.126781
255  267  0.0953472
255  401  0.0116612
256  266  0.089845
256  402  0.206215
257  262  0.0172488
257  264  0.0252721
257  295  0.0583154
257  296  0.1014
257  401  0.168279
258  264  0.052845
258  294  0.057306
258  295  0.0991117
258  400  0.126136
260  267  0.0109076
260  293  0.0714612
260  294  0.0426852
261  292  0.0563325
261  410  0.470985
262  291  0.0305763
262  292  0.0833265
262  369  0.0359432
262  409  0.232567
263  291  0.117388
263  368  0.0380383
263  402  0.0175302
264  367  0.0380324
264  407  0.979015
265  289  0.160893
265  366  0.0367916
265  400  0.0287327
265  406  0.792644
266  288  0.159004
266  365  0.0353364
266  399  0.0257975
266  405  0.649295
266  408  0.0173384
267  287  0.156853
267  364  0.034013
267  396  0.0144751
267  398  0.0232045
267  404  0.548862
267  407  0.0185386
267  416  0.0333024
268  286  0.153567
268  363  0.0324164
268  395  0.0132493
268  397  0.0182721
268  403  0.351316
268  406  0.0151076
268  415  0.0100757
269  285  0.137959
269  362  0.0290132
269  394  0.0121011
271  414  0.0139666
272  316  0.0143421
272  413  0.0119213
272  414  0.0101879
272  421  0.0824861
273  281  0.100534
273  315  0.01497
273  419  0.0102522
273  420  0.0351078
274  280  0.0991855
274  314  0.0129035
274  395  0.0468866
274  412  0.0404669
274  419  0.0258875
275  279  0.0797317
275  394  0.0522798
275  411  0.046445
275  418  0.0175912
276  393  0.0499409
276  410  0.0432532
276  424  0.0182146
277  392  0.0465524
277  409  0.0381584
277  423  0.0153322
277  424  0.0465737
278  310  0.0106461
278  393  0.010264
278  422  0.0105599
278  423  0.0314534
278  424  0.070743
279  422  0.0222661
279  423  0.0617168
279  424  0.0261037
280  308  0.121777
280  421  0.0142812
280  422  0.047334
280  423  0.0202409
280  424  0.0147342
281  307  0.144448
281  421  0.0358861
281  422  0.0154654
281  423  0.0127097
282  306  0.147337
282  421  0.0113101
282  422  0.0106784
283  305  0.145768
283  340  0.0229422
283  424  0.0454418
284  304  0.146177
284  339  0.0367955
284  369  0.017747
284  423  0.0473368
285  303  0.144406
285  338  0.0360026
285  368  0.0190868
285  422  0.0414298
286  302  0.142678
286  367  0.0195338
286  416  0.114001
286  421  0.0363824
286  430  0.0251509
287  301  0.140726
287  336  0.0351231
287  361  0.0195657
287  366  0.0190657
287  415  0.103882
287  420  0.0322245
287  429  0.0274132
288  300  0.129173
288  335  0.0346085
288  414  0.08369
288  428  0.0208648
289  298  0.013719
289  334  0.0340426
289  413  0.0426949
289  427  0.0143318
290  298  0.108069
290  333  0.0337905
290  359  0.241874
290  413  0.0360773
290  427  0.0132777
291  297  0.106972
291  332  0.0331439
291  358  0.240441
291  412  0.0585491
291  426  0.0139248
292  296  0.0857106
292  331  0.0320245
292  357  0.244078
292  411  0.0584924
292  425  0.0119208
293  356  0.241932
293  410  0.0551141
293  440  0.952064
293  441  0.0104462
293  442  0.0384654
294  329  0.03016
294  354  0.447084
294  409  0.0514746
294  439  0.593834
294  440  0.0192199
294  441  0.262682
295  328  0.0304269
295  353  0.445423
295  438  0.425835
295  439  0.0130151
295  440  0.287409
295  444  0.0977662
296  327  0.0300118
296  352  0.436565
296  437  0.336247
296  439  0.206232
296  443  0.0318618
296  444  0.0657822
296  445  0.0122826
297  351  0.427876
297  436  0.240821
297  438  0.144241
297  442  0.0157691
297  443  0.0284656
298  311  0.0181113
298  330  0.0295041
298  350  0.419298
298  434  0.0574451
299  310  0.0184324
299  318  0.0185289
299  328  0.0117155
299  329  0.0291611
299  349  0.402281
299  436  0.0396803
300  309  0.0183496
300  314  0.0115441
300  317  0.0217357
300  348  0.316439
300  435  0.0389969
301  308  0.0173225
301  313  0.0153433
301  316  0.0227934
301  326  0.369231
302  312  0.0150421
302  315  0.0226954
302  325  0.372531
302  346  0.0177783
302  347  0.0331962
302  348  0.0532726
303  311  0.01443
303  314  0.0194029
303  324  0.276731
303  345  0.0260035
303  346  0.0467124
303  347  0.243612
304  344  0.0233944
304  345  0.0462435
304  346  0.289037
305  312  0.0239804
305  322  0.481043
305  344  0.0399272
305  345  0.301392
306  311  0.0248838
306  321  0.539206
306  344  0.2999
307  320  0.536214
307  342  0.146871
308  319  0.533507
308  341  0.151319
308  342  0.106299
309  318  0.530039
309  340  0.138564
310  317  0.505979
310  417  0.0119217
311  316  0.310976
311  339  0.33885
311  416  0.014728
311  422  0.0127839
312  338  0.334512
312  402  0.0116048
312  421  0.0149019
313  336  0.0383424
313  337  0.297954
313  401  0.011751
313  415  0.0185686
313  420  0.0147061
314  334  0.121984
314  335  0.0612106
314  414  0.0179897
315  333  0.170349
315  334  0.0525726
315  413  0.0169769
316  332  0.179078
316  412  0.0148726
317  333  0.0201251
318  330  0.269572
318  332  0.0134782
318  425  0.0392087
319  329  0.303112
319  424  0.0435589
320  328  0.307816
320  393  0.0455999
320  423  0.0432546
321  327  0.304667
321  392  0.0489947
321  422  0.0421881
322  390  0.0659262
322  421  0.0402845
323  389  0.0708953
323  391  0.0153978
323  420  0.0367933
324  388  0.0440204
324  390  0.0163039
325  338  0.018123
325  388  0.334115
325  402  0.0363094
326  337  0.021247
326  387  0.378754
326  401  0.0389993
327  336  0.0215138
327  387  0.0909428
327  400  0.0383277
328  386  0.0845143
328  399  0.0346961
329  384  0.66247
330  383  0.714477
331  382  0.698816
332  381  0.584887
333  380  0.16401
335  380  0.509615
336  379  0.723335
337  378  0.714384
340  375  0.693076
341  374  0.725881
342  373  0.716101
343  372  0.706455
344  371  0.694648
345  369  0.660178
346  368  0.661529
347  367  0.645885
349  365  0.644417
350  364  0.63911
351  362  0.187479
351  363  0.426975
352  361  0.370059
353  361  0.118408
354  361  0.0383811
357  368  0.0157705
358  367  0.0214074
359  366  0.0220241
363  430  0.0575461
364  429  0.0685534
365  393  0.0358194
365  428  0.0656912
366  392  0.0388694
366  427  0.0628057
367  391  0.0353101
367  426  0.0587066
368  425  0.0503678
369  389  0.035889
370  388  0.037535
371  387  0.0369321
373  419  0.0193017
374  418  0.01886
375  421  0.019667
376  420  0.0205224
377  419  0.0209638
377  435  0.252325
378  418  0.0202308
378  434  0.295494
379  433  0.272813
379  434  0.0114818
381  433  0.0603342
382  432  0.361003
383  431  0.381334
384  430  0.361611
385  394  0.0554246
385  411  0.0261193
385  429  0.343503
386  393  0.0609694
386  410  0.0284849
386  428  0.327087
387  392  0.0595822
387  396  0.0131471
387  404  0.0855201
387  407  0.0156466
387  409  0.0279582
387  427  0.312041
388  395  0.0122096
388  403  0.0818246
388  406  0.0145616
388  408  0.0252143
388  426  0.270593
389  402  0.0757117
389  424  0.0168017
390  401  0.0636709
390  403  0.275257
391  402  0.348115
391  421  0.0846599
392  400  0.0573159
392  401  0.351358
392  420  0.0849764
392  433  0.0424967
392  434  0.0463658
393  399  0.0539229
393  400  0.323758
393  419  0.079247
393  432  0.0347702
393  433  0.0429523
394  422  0.0142828
395  402  0.0233948
395  421  0.0147594
396  401  0.0248004
396  415  0.0231488
396  420  0.0142916
396  431  0.533142
397  414  0.0215799
397  430  0.521049
398  415  0.0257051
398  429  0.510569
399  410  0.0252082
399  414  0.0243633
399  428  0.485915
400  409  0.0262837
400  410  0.0221482
400  413  0.0152224
400  427  0.461149
401  409  0.0241285
401  416  0.0107854
402  408  0.0221841
402  415  0.0102367
402  425  0.14275
403  421  0.051111
403  424  0.226603
404  418  0.0393742
404  420  0.0534814
405  422  0.26282
406  416  0.457879
406  421  0.29558
407  415  0.445684
407  420  0.286551
408  414  0.3701
408  421  0.0233299
409  418  0.242575
409  420  0.0242628
410  417  0.217695
410  419  0.0232805
413  432  0.0139474
414  431  0.0157058
415  430  0.021645
416  429  0.02298
417  428  0.0224896
417  430  0.010201
418  427  0.0215303
419  428  0.0206961
420  427  0.0210079
421  426  0.0172253
431  442  0.0252584
432  441  0.19304
432  447  0.0820017
433  440  0.193373
433  444  0.0123352
433  445  0.536714
433  446  0.0592088
434  439  0.173131
434  443  0.0106262
434  444  0.436686
434  445  0.0393774
435  442  0.0109149
435  443  0.359014
