1  16  0.0174273
2  16  0.519834
2  72  0.366223
3  15  0.367045
3  71  0.254638
3  150  0.0273827
3  152  0.113581
4  14  0.436538
4  52  0.0163199
4  70  0.19794
4  124  0.0112972
4  149  0.0319883
4  151  0.0532006
5  13  0.354865
5  51  0.0128272
5  148  0.0251189
5  150  0.0307617
6  12  0.297625
6  68  0.292666
6  104  0.0112329
6  123  0.0690165
6  147  0.020794
6  149  0.0180848
6  155  0.91837
7  11  0.24695
7  67  0.25358
7  122  0.104711
7  146  0.01819
7  154  0.327174
8  49  0.282717
8  66  0.21371
8  121  0.100917
8  145  0.0158356
8  153  0.195819
9  48  0.316782
9  120  0.089786
9  144  0.0109952
9  152  0.124647
10  47  0.309073
10  65  0.172615
10  119  0.0808463
11  46  0.284669
11  64  0.163207
11  118  0.0735164
12  45  0.260775
12  63  0.149573
12  117  0.0670949
13  44  0.238586
13  62  0.120172
14  34  0.231008
14  43  0.161887
14  129  0.0329917
15  33  0.376763
15  39  0.0118585
15  40  0.0209363
15  53  0.194348
15  124  0.0105467
15  128  0.0370044
16  32  0.353523
16  38  0.0111139
16  39  0.0196968
16  52  0.210374
16  58  0.091398
16  123  0.0100907
16  127  0.0346632
17  31  0.32747
17  57  0.0858938
17  126  0.0298108
18  30  0.279381
18  51  0.426625
18  56  0.022834
19  50  0.469241
20  49  0.44502
20  50  0.0328464
20  118  0.0350667
21  49  0.0318578
21  117  0.0336517
22  47  0.428418
23  46  0.417392
23  115  0.0349168
24  45  0.402005
24  114  0.0356144
25  44  0.385655
25  113  0.0346193
26  43  0.370011
26  112  0.0333293
27  111  0.0278193
29  75  0.0505871
30  74  0.0564967
31  51  0.0770033
31  73  0.0560012
31  106  0.0120757
32  46  0.0873509
32  50  0.0936151
32  72  0.0540162
32  105  0.0117493
32  179  0.0270111
33  45  0.0867489
33  49  0.0908416
33  178  0.0173137
34  44  0.0851912
34  67  0.165585
34  103  0.0107406
34  180  0.569809
34  182  0.0131839
35  43  0.0831501
35  45  0.0145717
35  66  0.167882
35  102  0.0104814
35  179  0.382756
36  44  0.0161721
36  47  0.0904554
36  65  0.164084
37  43  0.0159822
37  46  0.0934795
37  64  0.154911
37  80  0.0117303
37  81  0.0159288
37  178  0.023536
37  179  0.0786533
38  45  0.0904912
38  63  0.147857
38  79  0.0115189
38  80  0.0156658
38  178  0.0639084
38  179  0.0212141
39  46  0.0115666
39  50  0.0100643
39  64  0.054188
39  78  0.0112398
39  79  0.0152312
39  178  0.017861
39  179  0.0334608
40  45  0.0114196
40  63  0.0561822
40  76  0.0143819
40  78  0.0147088
40  178  0.0287958
41  62  0.056131
41  75  0.0141752
41  173  0.312674
42  53  0.0148447
42  74  0.0133733
42  75  0.0122018
42  172  0.369704
43  52  0.0156976
43  74  0.0124349
43  157  0.0134723
43  170  0.0163982
43  171  0.350416
43  184  0.0114604
44  51  0.0151434
44  54  0.011814
44  59  0.166023
44  73  0.0121873
44  129  0.0142813
44  156  0.0129457
44  177  0.0448547
44  188  0.0157336
45  53  0.0126914
45  58  0.166682
45  128  0.0353383
45  155  0.0123627
45  169  0.321766
45  170  0.0656995
45  176  0.0522119
45  187  0.0152023
45  192  0.0130441
46  52  0.0126754
46  57  0.161804
46  70  0.013469
46  127  0.0382147
46  154  0.0117665
46  168  0.30045
46  169  0.0604469
46  175  0.0474703
46  186  0.0120409
46  194  0.0518921
47  51  0.0100738
47  56  0.15647
47  153  0.0107056
47  193  0.0261618
48  69  0.0319526
48  125  0.0524394
48  166  0.322608
48  172  0.0442025
48  192  0.0174486
49  68  0.0355101
49  124  0.0599217
49  165  0.342769
49  169  0.0272571
49  171  0.045364
49  191  0.0128856
49  195  0.0265831
50  67  0.0348422
50  123  0.0588458
50  164  0.323725
50  168  0.0257678
50  170  0.0421525
50  194  0.0177182
51  65  0.0481761
51  122  0.0579799
51  163  0.289115
51  167  0.0229438
51  198  0.0222802
52  64  0.0493648
52  121  0.0571015
52  197  0.0145274
53  63  0.0480722
53  120  0.0519692
54  62  0.0425485
54  119  0.0361516
56  65  0.010429
57  64  0.0109526
57  115  0.0139021
58  63  0.0118259
58  114  0.0195132
58  199  0.125028
59  113  0.0182075
59  162  0.0542135
59  198  0.0986314
60  162  0.0131278
60  198  0.0154683
62  156  0.0396673
62  159  0.404547
62  183  0.0124326
62  196  0.29758
62  208  0.0119491
63  155  0.0497587
63  158  0.441131
63  182  0.0149968
63  185  0.057635
63  195  0.319383
63  203  0.535436
63  204  0.0279611
63  207  0.01133
63  210  0.492106
63  211  0.0182571
64  151  0.0115724
64  154  0.0481514
64  157  0.425938
64  181  0.0126332
64  184  0.0544783
64  194  0.287531
64  202  0.622256
64  209  0.304576
65  109  0.028553
65  120  0.0137241
65  150  0.0115169
65  153  0.0454462
65  156  0.410913
65  183  0.0464307
65  193  0.242397
65  201  0.538692
65  208  0.217267
66  108  0.0298031
66  119  0.0258322
66  149  0.0114856
66  154  0.0325713
66  155  0.363683
66  180  0.136153
66  182  0.0113828
66  191  0.224756
66  200  0.473058
66  207  0.157566
67  79  0.0250551
67  107  0.0150149
67  118  0.0298301
67  153  0.061013
67  179  0.13862
67  190  0.211253
67  199  0.419814
68  78  0.041381
68  107  0.0235067
68  117  0.0294352
68  153  0.299493
68  178  0.134366
68  189  0.196493
68  197  0.346538
69  77  0.0611792
69  106  0.0373637
69  115  0.0237065
69  116  0.0144807
69  150  0.0123341
69  152  0.283462
69  177  0.119756
69  188  0.165981
69  196  0.271788
69  214  0.0362756
70  76  0.0659641
70  105  0.036792
70  114  0.0390607
70  148  0.411221
70  193  0.269169
70  213  0.0293821
71  75  0.0427403
71  113  0.038455
71  147  0.415639
71  192  0.254287
72  103  0.0254416
72  146  0.41024
72  175  0.0980769
72  191  0.237017
72  211  0.0152503
72  217  0.0301177
72  218  0.0371696
73  111  0.0371461
73  174  0.0887426
73  216  0.0257201
73  217  0.0236873
73  222  0.0238289
74  102  0.0336675
74  110  0.037123
74  145  0.395846
74  189  0.0686624
74  190  0.0166218
74  213  0.0786815
74  215  0.0185179
75  101  0.0367821
75  109  0.036641
75  144  0.403592
75  188  0.168627
75  189  0.0153115
75  212  0.146743
75  214  0.0114335
76  100  0.0375267
76  108  0.0361149
76  143  0.400969
76  173  0.160692
76  187  0.160046
76  209  0.0417375
76  211  0.140208
77  99  0.0369444
77  142  0.395668
77  172  0.190611
78  98  0.0360903
78  141  0.390649
78  171  0.193423
78  186  0.149408
78  187  0.163476
78  207  0.624054
79  97  0.0352464
79  140  0.385148
79  170  0.188017
79  185  0.142612
79  186  0.158192
79  206  0.617255
80  96  0.0343767
80  104  0.0354402
80  139  0.38077
80  169  0.181879
80  184  0.135803
80  185  0.151278
80  205  0.602256
81  95  0.0226596
81  103  0.0349905
81  138  0.371898
81  168  0.175977
81  182  0.0558456
81  184  0.143534
81  204  0.557937
81  228  0.0132309
82  167  0.165232
82  181  0.0297054
82  203  0.511199
83  166  0.105471
84  102  0.0118813
84  135  0.328264
84  199  0.429106
85  198  0.406671
86  133  0.202981
86  197  0.385226
87  99  0.666743
87  166  0.0114904
88  98  0.764657
88  143  0.0108524
88  165  0.0148703
88  195  0.0102216
89  97  0.763333
89  142  0.0108398
89  164  0.0143986
89  195  0.306678
90  96  0.754606
90  141  0.0108358
90  194  0.294271
91  95  0.564917
92  193  0.284248
93  140  0.0110995
93  192  0.273272
93  240  0.0347172
94  139  0.0129059
94  191  0.263018
94  239  0.0257661
95  190  0.22885
95  238  0.0161288
96  137  0.0179525
96  189  0.215709
96  190  0.0192626
97  136  0.0178565
97  189  0.018324
98  135  0.0176924
99  106  0.0107484
99  183  0.0272378
100  105  0.0119197
100  133  0.0195287
100  193  0.127075
101  181  0.527488
101  192  0.12705
102  108  0.0287132
102  131  0.293682
102  138  0.0171618
102  180  0.60118
102  191  0.123807
102  250  0.173631
103  107  0.0280961
103  130  0.291551
103  136  0.0125348
103  137  0.0197894
103  179  0.585548
103  190  0.1199
103  249  0.0889191
104  129  0.288908
104  135  0.0126089
104  136  0.0194616
104  178  0.569617
104  189  0.116071
105  124  0.0130985
105  128  0.272992
105  134  0.0122943
105  175  0.027956
105  176  0.0212264
105  182  0.13864
105  247  0.0435227
106  123  0.0160443
106  174  0.0276965
106  181  0.135558
107  122  0.0163347
107  131  0.0129534
107  134  0.020743
107  173  0.0208801
107  175  0.231891
107  176  0.02078
107  180  0.132171
107  245  0.0426349
107  250  0.0153146
107  254  0.281666
108  121  0.0162648
108  130  0.0128055
108  133  0.0205572
108  179  0.127771
108  244  0.0366837
108  249  0.0119722
108  253  0.169179
109  173  0.169698
109  174  0.0683264
109  243  0.0275185
110  119  0.0132285
110  172  0.174864
110  173  0.066192
111  118  0.0131091
111  129  0.0373865
111  177  0.0395973
111  255  0.0178654
111  259  0.0289011
112  128  0.070558
112  169  0.0913086
112  170  0.257361
112  171  0.0327462
112  176  0.0386711
112  254  0.0171694
112  258  0.023693
112  260  0.0840699
113  253  0.0121898
113  257  0.0114638
113  259  0.0408272
114  127  0.346484
114  168  0.642622
114  174  0.0148157
114  258  0.0177543
115  126  0.346555
115  167  0.637892
115  173  0.0162705
116  125  0.344138
116  166  0.629159
116  172  0.0164262
117  124  0.341158
117  165  0.618488
117  171  0.0165234
117  246  0.0576603
118  123  0.265702
118  164  0.603128
118  170  0.0159313
118  245  0.0541193
118  264  0.0316285
119  244  0.0499891
119  263  0.0210285
120  162  0.508056
120  243  0.0459699
121  161  0.570089
121  242  0.0417042
121  260  0.0301847
122  160  0.551335
122  259  0.0246533
123  159  0.43238
124  153  0.0351137
124  257  0.0223493
125  152  0.0326314
125  256  0.0201392
126  156  0.0191546
126  255  0.0171441
127  153  0.0678874
127  253  0.0109721
128  153  0.0463373
129  151  0.198102
129  155  0.139104
129  176  0.0100591
129  195  0.0190447
129  246  0.146401
129  251  0.023317
129  271  0.0130923
129  272  0.0247163
129  276  0.0127283
129  277  0.0277441
130  149  0.515519
130  154  0.136934
130  194  0.019314
130  245  0.139275
130  250  0.0218271
131  148  0.513927
131  153  0.134283
131  193  0.0188855
131  244  0.13228
131  249  0.0204398
132  147  0.511407
132  192  0.0184564
132  243  0.124204
133  146  0.507838
133  149  0.126197
133  184  0.0135383
133  191  0.0180605
133  242  0.11229
133  280  0.0671031
134  145  0.502972
134  148  0.125226
134  190  0.0175038
134  279  0.0453907
135  142  0.0101873
135  143  0.323539
135  147  0.101541
135  170  0.0134883
135  171  0.0285371
135  182  0.0644856
135  247  0.0177769
135  272  0.0116524
135  277  0.043441
135  282  0.310202
136  141  0.0148856
136  142  0.326021
136  143  0.0878383
136  146  0.0792095
136  147  0.0266261
136  169  0.013508
136  170  0.02836
136  181  0.0667986
136  246  0.0169945
136  271  0.0104615
136  276  0.0357685
136  281  0.198685
136  282  0.0440891
137  141  0.312277
137  142  0.0444608
137  146  0.0493203
137  168  0.0132715
137  169  0.027783
137  180  0.0696004
137  245  0.016186
137  264  0.0475107
137  275  0.0284568
137  280  0.141688
137  281  0.0294619
138  145  0.0695147
138  179  0.0686466
138  244  0.015293
138  263  0.0441874
138  279  0.110454
139  178  0.0673629
139  262  0.0408822
139  279  0.0164677
139  286  0.0324003
140  177  0.0608401
140  261  0.0352408
140  278  0.0133599
140  285  0.018358
144  162  0.131572
144  288  0.468936
145  161  0.144564
145  258  0.0198639
145  270  0.0374243
145  280  0.0557223
145  287  0.614622
146  160  0.142572
146  257  0.0189085
146  269  0.0469708
146  279  0.0683469
146  286  0.522641
147  159  0.14017
147  268  0.0439607
147  278  0.0614056
147  285  0.434972
148  158  0.131961
148  254  0.0168416
148  267  0.0409116
148  277  0.0544258
148  284  0.369079
148  296  0.447287
149  253  0.016084
149  295  0.222915
150  280  0.0934272
150  294  0.113195
150  299  0.370037
151  279  0.0873186
151  298  0.275619
152  162  0.0899076
152  181  0.061445
152  297  0.171484
153  161  0.101812
153  180  0.0697736
153  264  0.16744
153  296  0.123179
154  160  0.0996414
154  179  0.0687158
154  263  0.159834
154  295  0.0870465
155  178  0.0674959
155  262  0.151955
158  298  0.124491
159  181  0.0380762
159  297  0.10716
160  180  0.0433756
160  258  0.129416
160  287  0.0104351
160  296  0.0921519
161  179  0.042589
161  257  0.124915
161  279  0.0104695
161  295  0.0767278
162  178  0.0406952
162  256  0.119656
163  177  0.0291388
163  255  0.0973326
165  253  0.0956024
166  252  0.0902473
168  317  0.0514631
169  316  0.0205666
169  317  0.0357769
170  179  0.0623987
170  316  0.0187291
170  317  0.195607
171  178  0.0660797
171  257  0.0177227
171  316  0.126188
172  177  0.0546895
172  256  0.017347
172  315  0.0796725
173  255  0.0147474
175  317  0.0350861
176  193  0.0115168
176  253  0.0125134
176  316  0.0306381
176  322  0.659353
177  192  0.0124119
177  321  0.463818
178  185  0.0266362
178  186  0.0121426
178  187  0.0480001
178  191  0.0127
178  246  0.0315104
178  251  0.185584
178  281  0.0500842
178  282  0.0214718
178  303  0.0164245
178  306  0.0160474
178  307  0.021435
178  312  0.0169545
178  314  0.0223254
178  319  0.455387
178  320  0.280697
178  324  0.521712
178  326  0.0219013
179  184  0.0261698
179  185  0.0119263
179  186  0.0467204
179  245  0.0310525
179  250  0.181313
179  280  0.0499848
179  281  0.02038
179  302  0.0149601
179  305  0.0147533
179  306  0.0192376
179  311  0.0150978
179  313  0.0192267
179  318  0.434225
179  319  0.166969
179  323  0.379235
179  325  0.0114979
180  189  0.0125406
180  244  0.030348
180  249  0.176824
180  279  0.0646481
180  317  0.408015
180  322  0.284198
180  329  0.941159
181  188  0.0112619
181  248  0.16512
181  278  0.054462
181  316  0.276123
181  317  0.0276156
181  328  0.435029
182  244  0.11597
182  316  0.0588323
182  327  0.268971
183  243  0.106143
184  317  0.0283301
185  316  0.0254
185  317  0.0424273
186  316  0.0381144
186  317  0.0325937
187  316  0.0300023
187  335  0.0124069
189  237  0.987578
189  337  0.0331033
190  236  0.991508
190  336  0.0325923
191  235  0.983443
191  335  0.0226144
192  234  0.965588
192  265  0.0159999
192  334  0.0163575
193  233  0.949252
193  264  0.0272082
193  333  0.0119022
193  341  0.0141162
194  232  0.925808
194  263  0.0266761
195  262  0.0259484
195  340  0.0121025
196  227  0.891869
197  226  0.971999
197  260  0.0263494
198  225  0.958394
198  259  0.0259551
199  224  0.960442
199  258  0.0254142
200  223  0.945676
200  257  0.0248304
201  222  0.930514
202  221  0.915995
202  253  0.0179149
203  214  0.0210239
203  220  0.790954
203  252  0.0164318
204  213  0.0328435
207  213  0.0206118
209  213  0.0143923
211  244  0.0245217
211  345  0.0148642
211  358  0.118748
212  243  0.024524
212  344  0.0125952
212  357  0.0790395
213  219  0.0112073
213  242  0.0242284
213  356  0.0574141
214  241  0.0236374
215  354  0.0338139
216  353  0.0286263
216  365  0.102476
217  352  0.0225221
217  360  0.0416827
217  364  0.104081
218  363  0.0685141
219  340  0.0574812
219  353  0.0272256
219  358  0.620416
219  363  0.0124279
220  240  0.0139621
220  339  0.0549474
220  357  0.551297
221  239  0.0179974
221  338  0.0514096
221  349  0.0146212
221  351  0.325238
221  356  0.482037
221  361  0.064327
221  369  0.624051
222  238  0.0177204
222  348  0.0134268
222  350  0.297326
222  355  0.424805
222  360  0.0538027
222  368  0.314887
222  370  0.472751
223  237  0.017136
223  336  0.0459765
223  347  0.012305
223  349  0.273239
223  354  0.379678
223  359  0.0461565
223  369  0.417417
223  372  0.014785
224  335  0.0437718
224  353  0.343177
224  358  0.0390583
224  367  0.949799
225  236  0.0171782
225  330  0.0983907
225  347  0.262286
225  351  0.0170771
225  366  0.850993
226  235  0.0169479
226  329  0.0977287
226  365  0.711042
227  234  0.0149158
227  328  0.0941197
227  346  0.499937
227  364  0.605318
228  327  0.0902282
228  345  0.529577
228  363  0.523654
229  344  0.500578
230  343  0.450484
230  376  0.0213885
231  375  0.0165851
232  245  0.0196263
232  323  0.0831521
232  341  0.464071
232  359  0.495779
233  244  0.0195233
233  322  0.0807253
233  340  0.443869
233  358  0.459357
234  243  0.0192262
234  321  0.0708501
234  339  0.419946
234  357  0.424103
235  242  0.0184509
235  318  0.0483476
235  320  0.0251626
235  338  0.379094
235  356  0.389065
236  317  0.0590986
236  335  0.0116412
237  316  0.0573906
237  335  0.0110331
238  270  0.587069
238  354  0.0826153
238  387  0.0451881
239  257  0.0282957
239  269  0.661578
239  353  0.0821661
239  386  0.0197499
240  256  0.0284087
240  268  0.633369
240  352  0.0701991
240  365  0.014683
240  385  0.0103821
241  255  0.027247
241  364  0.160556
242  253  0.0363288
242  363  0.165466
243  252  0.0363873
243  255  0.0113888
243  265  0.687196
243  348  0.0290372
243  362  0.154514
244  251  0.0311275
244  254  0.0153318
244  264  0.716049
244  347  0.0305711
244  361  0.14441
245  249  0.0129922
245  253  0.0150306
245  263  0.703015
246  262  0.687415
246  345  0.0260001
246  395  0.282259
247  345  0.0190966
247  358  0.112454
247  394  0.0953631
248  343  0.0373661
248  344  0.0149803
248  357  0.106721
249  258  0.649579
249  264  0.0787269
249  342  0.0407952
249  356  0.0984718
250  257  0.638317
250  263  0.0779493
250  395  0.0210462
251  262  0.0766576
251  340  0.0431035
251  394  0.0152432
252  339  0.0435269
253  260  0.0307411
253  338  0.0420611
253  341  0.0188812
253  347  0.0230858
254  340  0.0188174
254  345  0.0800269
255  339  0.0169668
255  344  0.0778292
256  297  0.0347115
256  343  0.0747331
257  296  0.0461646
257  336  0.0551602
257  341  0.0252363
257  342  0.0518014
257  347  0.0139286
258  295  0.0452536
258  335  0.0542332
258  340  0.0440052
258  345  0.0384142
259  294  0.0426147
259  339  0.0397633
259  344  0.0363261
260  340  0.0268411
260  345  0.0131
261  339  0.0263861
261  343  0.0630345
262  271  0.0177086
262  291  0.0364629
262  331  0.0511427
262  337  0.0497863
262  338  0.0193049
262  342  0.0711695
262  408  0.924015
263  270  0.018026
263  290  0.0356892
263  330  0.0501195
263  336  0.0549355
263  337  0.0121874
263  341  0.0693021
263  407  0.982456
264  269  0.0239825
264  329  0.0488558
264  335  0.0595515
264  340  0.0673054
264  406  0.755843
265  339  0.0531888
265  405  0.602473
266  328  0.0346719
266  403  0.0211863
266  404  0.466508
267  286  0.0201117
267  327  0.0340472
267  402  0.0354804
269  284  0.0271249
269  347  0.0251341
269  401  0.309146
269  416  0.17302
270  283  0.0254436
270  346  0.0244949
270  400  0.254378
270  415  0.105388
271  345  0.0209298
271  413  0.0108574
271  414  0.075924
272  279  0.0256327
272  413  0.0587512
273  280  0.0128454
273  422  0.0110499
274  279  0.0119016
274  397  0.238066
274  415  0.199655
275  396  0.256485
275  413  0.0125104
275  414  0.253841
276  395  0.240635
276  412  0.0108343
276  413  0.227858
277  298  0.014757
277  340  0.0163059
277  394  0.225256
277  412  0.196486
277  423  0.013437
278  297  0.0150225
278  339  0.016165
278  408  0.0499432
279  296  0.0148865
279  301  0.0211996
279  302  0.0100542
279  303  0.05628
279  305  0.0426846
279  338  0.0155311
279  347  0.0235573
279  407  0.0472698
279  411  0.0903299
279  416  0.302106
279  424  0.050737
279  425  0.0449027
279  427  0.198044
280  304  0.040215
280  346  0.0230073
280  406  0.0398798
280  410  0.0761925
280  415  0.265299
280  423  0.0283731
280  426  0.0956641
281  345  0.02173
281  414  0.235127
282  298  0.0130425
282  413  0.209815
282  421  0.0115633
282  423  0.565675
283  297  0.0129815
283  299  0.628912
283  422  0.476059
284  295  0.0639725
284  298  0.703008
284  406  0.0111174
284  412  0.0897849
284  421  0.402056
285  294  0.0686288
285  297  0.694854
285  408  0.0205304
285  419  0.0567517
286  293  0.0672438
286  296  0.685822
286  399  0.034492
286  405  0.0418749
286  407  0.0203878
286  411  0.11783
286  416  0.243887
286  417  0.21957
286  419  0.0290246
287  295  0.666685
287  398  0.0329563
287  404  0.0441435
287  406  0.0184311
287  410  0.108586
287  415  0.202005
287  418  0.0282377
288  397  0.0315501
288  403  0.0433787
288  409  0.0901055
288  414  0.163771
288  415  0.344225
289  396  0.03009
289  402  0.0397373
289  413  0.15508
289  414  0.368297
289  438  0.0101555
290  395  0.0287032
290  412  0.143384
290  413  0.343125
290  414  0.0309937
290  438  0.0595067
290  439  0.223302
291  394  0.0272982
291  406  0.033884
291  412  0.318398
291  413  0.0302738
291  414  0.0171579
291  438  0.0805349
291  439  0.150815
291  440  0.382955
292  317  0.0174074
292  412  0.0284667
292  413  0.0165419
292  414  0.0137722
292  438  0.0781301
292  439  0.13675
292  440  0.0238182
293  316  0.0178104
293  412  0.0154014
293  413  0.0138291
293  435  0.575546
293  438  0.0722697
293  439  0.0119034
294  315  0.017827
294  402  0.0472242
294  403  0.0269267
294  409  0.0189768
294  412  0.0127582
294  434  0.481057
295  314  0.0174786
295  401  0.0905848
295  407  0.388147
295  433  0.402552
296  402  0.0458004
296  406  0.369514
296  432  0.344789
297  310  0.0197473
297  400  0.638267
297  431  0.263779
298  309  0.0212569
298  399  0.789732
298  430  0.166213
299  308  0.0204247
299  398  0.782634
299  429  0.112816
300  397  0.813755
301  396  0.806008
302  395  0.791059
303  394  0.773779
306  317  0.0178166
307  316  0.0185824
307  345  0.0147307
307  448  0.0293694
308  344  0.0138481
308  447  0.0151963
309  345  0.0624338
309  446  0.0101621
310  344  0.0589963
313  327  0.0166487
313  345  0.101839
314  340  0.162225
314  345  0.0910066
315  339  0.163894
315  343  0.238264
315  344  0.0468696
316  324  0.205096
316  331  0.174339
316  333  0.0127147
316  337  0.130885
316  338  0.139689
316  342  0.295153
317  323  0.205228
317  330  0.174394
317  332  0.0126073
317  336  0.153292
317  337  0.115068
317  341  0.29306
318  322  0.20124
318  329  0.172422
318  335  0.173504
318  340  0.289724
319  327  0.0213595
319  335  0.0130762
320  327  0.128405
320  329  0.0201067
320  335  0.0976114
321  328  0.0210797
321  334  0.101432
322  330  0.177189
322  333  0.0909477
322  336  0.233591
323  329  0.178619
323  335  0.230536
324  329  0.0153948
326  345  0.078074
327  332  0.0311805
327  333  0.0381234
327  337  0.0196728
327  338  0.0171177
327  344  0.0786479
328  343  0.0780658
329  336  0.0849244
329  342  0.0701465
330  335  0.084075
330  340  0.0148843
331  340  0.0239791
333  340  0.0267456
333  345  0.0103409
334  339  0.0217832
335  341  0.0246784
336  340  0.0248056
338  353  0.0123285
339  352  0.0124711
340  351  0.0123122
345  351  0.0100434
346  354  0.0296181
347  353  0.0310852
349  358  0.022699
349  393  0.982002
350  357  0.0228559
350  392  0.994013
351  391  0.998665
352  390  0.996064
353  389  0.99228
354  388  0.978688
355  387  0.967215
356  386  0.953689
357  385  0.937936
358  384  0.917338
359  388  0.01193
360  383  0.120338
360  387  0.0120622
361  386  0.0118647
362  383  0.0213421
363  381  0.301903
363  384  0.013643
364  383  0.0138109
365  372  0.0137054
365  379  0.944178
366  371  0.0135967
366  378  0.991176
367  377  0.984264
368  376  0.970495
369  375  0.955946
399  448  0.166537
400  447  0.0878515
401  412  0.0203614
401  446  0.0592212
402  411  0.0249553
402  445  0.0397502
405  434  0.0434694
406  433  0.0571722
406  447  0.0113489
407  432  0.0538575
408  431  0.0472919
410  445  0.0132874
410  447  0.431188
411  446  0.326415
412  425  0.205307
412  444  0.980866
412  445  0.0198668
413  424  0.198136
413  425  0.0120798
413  442  0.0121491
413  443  0.980664
413  444  0.0108242
414  424  0.0116466
414  442  0.930965
415  422  0.190522
415  441  0.824373
416  421  0.18318
416  439  0.153445
416  440  0.707998
417  438  0.170782
417  439  0.612525
418  437  0.175544
419  436  0.155976
419  438  0.0191001
420  437  0.0188918
421  430  0.14951
422  429  0.142262
422  434  0.549013
423  428  0.132526
423  433  0.537083
424  432  0.498093
427  440  0.0102866
