3  80  0.017775
3  82  0.827328
4  79  0.013452
4  81  0.718749
5  80  0.67387
6  78  0.27732
6  79  0.405246
7  77  0.39542
8  76  0.331429
9  76  0.0138921
13  72  0.864139
14  71  0.997764
15  64  0.0119352
15  70  0.9478
16  63  0.0115222
16  69  0.881819
17  62  0.0108882
17  68  0.653789
18  66  0.835633
19  42  0.102977
19  65  0.815306
20  41  0.104932
20  64  0.795563
20  169  0.0204426
21  40  0.102693
21  63  0.765394
21  168  0.0107016
22  39  0.0976466
22  62  0.731122
24  37  0.0479993
24  60  0.0195622
25  36  0.0889112
25  40  0.0349407
25  56  0.013196
25  60  0.101754
25  168  0.116581
26  32  0.0103391
26  35  0.0861355
26  39  0.036102
26  55  0.0134865
26  58  0.442528
26  167  0.097206
27  58  0.1412
28  33  0.0274709
28  37  0.0335095
28  56  0.353597
29  36  0.0331407
29  56  0.272021
30  35  0.0317225
30  55  0.311016
31  53  0.736529
31  162  0.06031
32  52  0.723463
32  161  0.0558447
33  48  0.0679933
33  51  0.682116
33  160  0.0507727
34  47  0.0998985
34  53  0.0264772
34  159  0.0463326
35  46  0.0971727
35  50  0.511773
35  52  0.0273553
36  45  0.0942548
36  51  0.0248239
36  155  0.0378167
36  164  0.011373
37  44  0.0896211
37  48  0.693218
37  154  0.0385134
37  163  0.0118259
38  47  0.761716
38  153  0.0369867
38  162  0.014911
39  46  0.743427
39  152  0.0351307
39  161  0.0150902
40  45  0.710366
40  151  0.0312488
40  160  0.014108
40  187  0.0223839
41  159  0.0132288
41  186  0.0165444
41  189  0.230091
42  158  0.0112766
42  188  0.112536
45  56  0.0480432
45  63  0.138903
45  185  0.0524349
45  190  0.0145556
46  55  0.0529049
46  62  0.174189
46  184  0.0464429
46  186  0.0287827
46  189  0.0112531
46  192  0.115637
47  54  0.0518013
47  61  0.170775
47  191  0.0854106
47  195  0.135321
48  53  0.0351216
48  60  0.167113
48  190  0.0574993
48  194  0.0682436
49  59  0.163325
49  187  0.0853294
49  193  0.0446337
50  58  0.157658
50  182  0.477744
50  186  0.090681
50  192  0.0244444
51  181  0.57863
51  185  0.0766531
51  190  0.0199777
52  180  0.564215
52  184  0.0631316
52  189  0.0174731
53  179  0.510036
53  188  0.0141674
54  62  0.0179909
55  61  0.0177202
56  175  0.017604
58  173  0.746865
58  195  0.190936
59  172  0.747663
59  194  0.179234
60  171  0.716333
60  193  0.160676
61  170  0.684721
61  192  0.144476
62  169  0.652343
62  191  0.130374
63  74  0.133939
64  73  0.211409
64  167  0.125174
65  72  0.208305
65  164  0.598175
65  166  0.0477737
66  71  0.204452
66  163  0.659816
67  162  0.645328
68  161  0.622362
68  209  0.154352
69  160  0.600295
69  208  0.190412
70  159  0.580154
70  207  0.173065
71  157  0.0795651
71  206  0.150639
72  153  0.0588085
72  205  0.108645
73  152  0.0633978
75  153  0.0169279
76  150  0.453518
76  152  0.0122577
77  149  0.508466
77  152  0.0759532
78  148  0.495421
79  147  0.460875
80  146  0.443469
80  225  0.0115052
81  141  0.0411483
81  148  0.431685
82  140  0.0447004
82  144  0.376847
82  147  0.507309
83  139  0.0453258
83  143  0.375019
83  146  0.560693
84  138  0.0448277
84  142  0.358004
84  145  0.563903
85  137  0.0443073
85  140  0.193057
85  141  0.178061
85  144  0.558479
85  233  0.730176
86  136  0.0434761
86  139  0.367353
86  143  0.551032
86  232  0.370093
87  138  0.365852
87  142  0.545071
87  231  0.222121
88  137  0.345837
88  141  0.538229
89  135  0.352124
89  140  0.520286
89  234  0.259901
89  238  0.0230595
90  134  0.413295
90  139  0.497301
90  233  0.199317
90  234  0.0572891
91  133  0.913222
91  232  0.151389
91  233  0.0507971
91  238  0.0581743
92  132  0.929211
92  232  0.0404093
92  237  0.0418816
93  131  0.921958
93  236  0.0291832
94  130  0.911584
94  230  0.0106947
94  235  0.0212165
95  129  0.896844
95  188  0.0451235
95  229  0.010242
96  128  0.892408
96  187  0.0679764
97  127  0.88268
97  186  0.072552
98  185  0.0702315
98  234  0.013831
99  184  0.067969
99  233  0.0125766
100  183  0.0648234
100  232  0.0111107
101  182  0.0611103
101  243  0.0270336
101  250  0.0100394
102  181  0.0447328
102  242  0.0234871
102  243  0.0173844
103  122  0.841572
103  241  0.0102261
104  121  0.852432
104  171  0.0271378
104  193  0.0606663
104  241  0.0998083
105  120  0.849907
105  170  0.0317903
105  192  0.0681984
105  240  0.172295
106  119  0.843248
106  169  0.0317902
106  191  0.0671421
106  239  0.19299
107  118  0.834935
107  137  0.0159442
107  168  0.0308583
107  190  0.0650907
107  238  0.173764
107  254  0.389009
108  117  0.826146
108  136  0.028367
108  167  0.0298508
108  189  0.0630147
108  237  0.157261
108  253  0.281816
108  257  0.0130685
109  135  0.0280814
109  236  0.114484
109  252  0.195214
110  134  0.0229455
110  251  0.114658
111  133  0.0185466
111  250  0.0506919
111  259  0.0555602
112  187  0.0549592
112  235  0.0131002
112  258  0.0351147
113  132  0.0175727
113  134  0.0446131
113  186  0.0550196
113  252  0.0286588
113  253  0.0179534
113  257  0.0246804
113  261  0.0443421
114  131  0.0156111
114  133  0.0585868
114  185  0.0534041
114  234  0.119735
114  251  0.0313735
114  252  0.0122644
114  260  0.0208179
115  132  0.0610008
115  184  0.0509772
115  233  0.136376
115  250  0.0313201
115  261  0.0134049
116  131  0.0578451
116  153  0.0130332
116  162  0.0301681
116  183  0.0179097
116  232  0.128428
116  249  0.0320852
117  129  0.0512765
117  130  0.0349471
117  152  0.0136158
117  161  0.0322349
117  231  0.121012
117  248  0.030179
117  265  0.0447159
118  128  0.0733863
118  129  0.0114151
118  151  0.013083
118  160  0.0316584
118  230  0.109898
118  247  0.0254385
118  258  0.0101726
118  264  0.0213719
119  127  0.0802422
119  146  0.0873724
119  159  0.0310435
120  126  0.0781986
120  145  0.0875889
120  158  0.0303526
120  187  0.0125079
120  228  0.0485085
121  144  0.0877231
121  157  0.0289258
121  186  0.0228106
121  227  0.0384551
122  134  0.0114651
122  143  0.0861163
122  185  0.0223026
123  133  0.0181765
123  184  0.02156
123  225  0.0310368
124  132  0.0192099
124  141  0.0620102
124  183  0.0204969
124  186  0.0708361
125  131  0.0186345
125  140  0.0878282
125  182  0.0174083
125  185  0.0717288
126  139  0.0873666
126  184  0.0704928
126  236  0.0127077
126  269  0.140905
126  275  0.309261
127  149  0.0122953
127  235  0.0203931
127  268  0.109606
127  274  0.10344
128  137  0.0833766
128  148  0.0122407
128  181  0.0120026
128  182  0.0655226
128  234  0.0195182
128  267  0.0508211
129  136  0.0868633
129  147  0.0121507
129  180  0.0143287
129  181  0.0781503
129  233  0.0186814
130  135  0.0677502
130  146  0.0120734
130  180  0.0788628
130  232  0.0178897
130  267  0.0442774
130  278  0.0113888
131  145  0.0111725
131  179  0.0657998
131  266  0.080977
131  279  0.0103997
132  265  0.0751686
132  280  0.395038
133  264  0.0664062
133  277  0.166533
133  279  0.187382
134  175  0.0826735
134  263  0.054683
134  276  0.163129
134  277  0.158437
135  174  0.0976844
135  262  0.0319806
135  276  0.166819
135  281  0.0458511
136  173  0.0975408
136  274  0.632588
136  280  0.0358005
137  154  0.0835494
137  171  0.101972
137  273  0.553283
137  279  0.0255371
138  153  0.0967573
138  170  0.106925
138  272  0.485104
138  278  0.0172304
138  286  0.900186
139  152  0.0969481
139  169  0.105268
139  271  0.431449
139  285  0.939302
140  151  0.0908298
140  270  0.381578
140  284  0.68403
141  150  0.0761871
141  166  0.0113209
141  268  0.318426
141  283  0.524413
141  289  0.0151444
142  267  0.301458
142  282  0.421105
143  164  0.144704
143  266  0.280003
143  281  0.350229
144  149  0.0116855
144  163  0.157569
144  265  0.259277
144  280  0.298793
145  162  0.155808
145  286  0.026456
146  161  0.153487
146  285  0.0247241
147  160  0.134234
147  263  0.252882
147  277  0.105593
147  284  0.0206356
148  158  0.0893211
148  160  0.0121786
148  262  0.282586
148  276  0.100934
148  283  0.0162065
149  157  0.09114
149  159  0.0231955
149  183  0.0171397
149  261  0.276235
149  275  0.0920502
149  294  0.0475603
150  182  0.0225581
150  260  0.258971
150  293  0.041532
151  181  0.0255198
151  259  0.220113
151  292  0.0336405
152  159  0.013673
152  180  0.0260277
152  257  0.155167
152  288  0.0348856
152  291  0.0268483
153  158  0.0119004
153  179  0.023357
153  256  0.137519
153  287  0.0325573
153  290  0.020126
153  301  0.0129329
154  286  0.0284195
156  172  0.0275049
156  194  0.0129164
156  286  0.0128116
157  283  0.0285116
157  285  0.0123161
158  170  0.34336
158  192  0.161515
158  282  0.0251157
159  169  0.379141
159  191  0.17761
159  280  0.0101502
160  168  0.374274
160  190  0.174921
161  167  0.368892
161  189  0.172106
161  275  0.0141389
161  278  0.0106157
162  166  0.295297
162  187  0.0628464
162  188  0.10487
162  262  0.0171843
162  274  0.0132643
162  276  0.175433
163  184  0.019592
163  186  0.123942
163  261  0.0304675
163  275  0.218528
164  183  0.0193686
164  185  0.117062
164  260  0.028998
165  182  0.0190191
165  259  0.0222674
166  181  0.0154289
166  183  0.0294406
166  272  0.366198
167  271  0.382041
168  258  0.0460778
168  270  0.367119
168  289  0.0104971
169  180  0.110534
169  257  0.0589824
169  269  0.353007
169  288  0.0111888
170  179  0.107373
170  256  0.0533166
170  268  0.338778
170  287  0.0106971
171  267  0.319455
171  286  0.0101388
171  318  0.0149286
172  187  0.0125589
172  258  0.0115342
172  262  0.189847
172  266  0.142002
172  317  0.012041
173  184  0.160846
173  186  0.0149841
173  253  0.172439
173  257  0.0122886
173  261  0.263987
173  293  0.0180056
173  296  0.0127824
173  297  0.0132324
174  183  0.159652
174  185  0.013826
174  252  0.16262
174  260  0.255544
174  292  0.0200123
174  295  0.0141064
174  296  0.0145614
175  182  0.148848
175  251  0.0802001
175  259  0.244973
175  291  0.0192302
175  294  0.0125712
175  295  0.0128509
176  258  0.231248
176  289  0.0216134
176  290  0.0137067
177  251  0.38656
177  288  0.0247877
177  293  0.0110127
178  250  0.494548
178  292  0.0133424
179  249  0.514548
179  286  0.0834879
179  291  0.0111382
180  248  0.506803
180  285  0.0851716
181  247  0.482693
181  284  0.0808577
182  197  0.0117399
182  246  0.449022
182  283  0.0673844
183  196  0.0144944
183  245  0.440484
183  247  0.0177996
183  281  0.0664478
184  195  0.0145986
184  244  0.42943
184  246  0.042628
184  274  0.0151901
184  280  0.0697747
184  285  0.10271
185  196  0.189845
185  245  0.0427124
185  273  0.0138355
185  279  0.0646599
185  284  0.102611
186  195  0.206502
186  244  0.041884
186  274  0.0731653
186  283  0.0992002
187  194  0.17008
187  243  0.0229052
187  282  0.0938467
187  333  0.0684422
188  272  0.420566
188  332  0.0646521
189  231  0.027482
189  271  0.457864
189  280  0.0678675
189  331  0.0530328
189  337  0.0173836
190  203  0.134556
190  230  0.0275128
190  270  0.452605
190  279  0.0654685
190  329  0.0409971
190  330  0.0219722
190  338  0.01888
190  339  0.0182165
191  202  0.163934
191  269  0.445702
191  278  0.0620483
191  328  0.0561634
192  201  0.158902
192  228  0.027168
192  268  0.432789
192  277  0.0570793
192  327  0.0486553
192  337  0.0215559
193  204  0.0280395
193  227  0.0270984
193  267  0.412129
193  326  0.0418821
194  203  0.0462812
194  226  0.02666
194  262  0.0300996
194  266  0.348411
194  325  0.0342905
194  335  0.452799
195  202  0.0593291
195  206  0.0398144
195  225  0.0260442
195  261  0.0423249
195  334  0.513175
196  205  0.0397786
196  260  0.0411263
196  333  0.433044
197  204  0.038314
197  259  0.0383617
197  332  0.36575
198  203  0.0329004
198  258  0.0336356
198  331  0.305648
200  333  0.0152662
201  332  0.018024
202  327  0.0235156
202  331  0.0170223
203  326  0.020104
204  222  0.716099
204  325  0.0135063
205  221  0.965379
206  220  0.994581
207  219  0.982117
208  218  0.962419
209  217  0.936715
210  216  0.869128
211  215  0.498964
211  216  0.0100576
218  362  0.247195
218  366  0.0153323
219  360  0.0401725
219  361  0.257024
219  365  0.0121865
220  359  0.0361324
220  360  0.223142
221  359  0.159593
221  370  0.0167107
222  357  0.78025
222  361  0.0222733
223  243  0.552463
223  356  0.835271
223  360  0.0222569
224  242  0.730983
224  355  0.846882
224  359  0.0210096
225  241  0.790208
225  354  0.823204
225  358  0.01907
226  240  0.783704
226  353  0.726788
226  355  0.0136823
226  357  0.012183
227  239  0.772588
227  354  0.0196362
228  238  0.762007
228  351  0.392717
228  352  0.108015
228  353  0.0199176
229  237  0.752046
229  251  0.0146641
229  334  0.015262
229  350  0.465357
229  351  0.141547
229  352  0.019094
230  236  0.724194
230  250  0.0156743
230  333  0.0150814
230  349  0.377471
230  350  0.136537
230  351  0.0167698
231  249  0.018136
231  332  0.0148335
231  349  0.128032
231  379  0.0387804
232  248  0.0182378
232  331  0.01416
232  347  0.688583
232  378  0.0222853
233  247  0.0178939
233  271  0.0192521
233  346  0.657032
233  377  0.0113289
234  246  0.0143559
234  270  0.0202355
234  273  0.012824
234  345  0.622765
235  269  0.0200307
235  272  0.012884
235  344  0.592314
236  245  0.0153665
236  266  0.0101841
236  268  0.0161898
236  343  0.564951
237  244  0.0170436
237  265  0.0111852
237  271  0.0481948
237  342  0.53865
237  386  0.0180167
238  264  0.0107505
238  270  0.0547281
238  340  0.0561907
238  341  0.420763
239  259  0.038593
239  269  0.0604543
240  258  0.0434108
240  268  0.0585747
240  338  0.169542
241  257  0.0447868
241  267  0.0534916
242  256  0.0439768
242  263  0.123351
242  266  0.0424977
242  336  0.23266
243  255  0.0392178
243  262  0.289414
243  265  0.0191071
243  335  0.228063
244  253  0.0273941
244  254  0.010073
244  261  0.470889
244  334  0.220525
245  252  0.0266736
245  254  0.0250875
245  260  0.461805
245  333  0.198925
246  251  0.0173307
246  253  0.0332215
246  259  0.284611
246  261  0.0131133
246  269  0.0130355
246  332  0.100885
247  252  0.0203431
247  254  0.0129448
247  260  0.0125342
248  253  0.013605
248  257  0.480713
248  259  0.0112598
248  267  0.0134852
248  344  0.031524
248  391  0.0110339
249  256  0.47154
249  258  0.0109009
249  266  0.0135325
249  343  0.0318925
250  255  0.422307
250  265  0.0132809
250  342  0.0310741
250  389  0.0581406
251  264  0.0126378
251  341  0.0301124
251  388  0.0938796
252  263  0.0109664
252  266  0.0104308
252  340  0.0292835
252  387  0.102184
253  265  0.0119547
253  339  0.0283735
253  362  0.0121109
253  386  0.109441
253  393  0.636981
254  264  0.0111049
254  338  0.0259758
254  385  0.0980697
254  392  0.546427
255  360  0.0279293
255  368  0.0203918
255  384  0.0567208
255  391  0.472585
256  359  0.0437157
256  367  0.0290783
256  390  0.413941
256  405  0.149662
257  268  0.0295408
257  327  0.0214078
257  358  0.0458833
257  366  0.0292671
257  382  0.0628123
257  389  0.365795
257  404  0.0668254
258  267  0.0303223
258  286  0.0126707
258  326  0.0211962
258  357  0.0439696
258  365  0.0278204
258  381  0.0541325
258  403  0.0319369
259  266  0.0295501
259  285  0.0140376
259  325  0.020627
259  388  0.121899
260  265  0.0248426
260  284  0.0154891
260  324  0.0181927
260  378  0.0250611
260  383  0.0675787
260  387  0.145212
260  409  0.0485971
261  283  0.015445
261  354  0.0397235
261  362  0.0245123
261  377  0.0271682
261  378  0.0197283
261  382  0.0825014
261  386  0.135044
261  404  0.0967977
261  408  0.0589807
261  409  0.0160421
262  282  0.0141909
262  322  0.0155481
262  353  0.0384164
262  361  0.0234858
262  376  0.0258402
262  381  0.0760352
262  403  0.0764069
262  407  0.0256958
263  321  0.0183195
263  333  0.041269
263  352  0.0371276
263  360  0.0223526
263  375  0.0238884
263  380  0.066239
263  402  0.0593673
264  320  0.017715
264  332  0.0580435
264  351  0.0358531
264  359  0.0206369
264  374  0.021859
264  379  0.0461582
264  401  0.0424193
264  407  0.294507
264  412  0.0713177
264  413  0.0750747
265  319  0.0171603
265  334  0.0223034
265  350  0.0347313
265  373  0.0191078
265  400  0.0306406
265  406  0.254004
265  411  0.067644
265  412  0.0596924
265  413  0.0123355
266  318  0.0157126
266  333  0.0210753
266  349  0.0336161
266  357  0.0147817
266  372  0.0154688
266  405  0.197229
266  410  0.0488681
266  411  0.0393051
267  276  0.14837
267  317  0.0111667
267  329  0.268598
267  348  0.0318592
267  404  0.127499
267  409  0.0310134
268  275  0.194125
268  328  0.319792
268  355  0.0153243
268  403  0.0126051
268  410  0.0139314
269  274  0.191075
269  327  0.313167
269  346  0.0284377
269  354  0.0156515
269  404  0.010609
269  408  0.183504
269  409  0.0109107
269  418  0.0425135
270  326  0.299645
270  353  0.0134084
270  407  0.156811
270  410  0.0169038
270  417  0.0134642
271  328  0.142912
271  406  0.130937
272  323  0.0470501
272  327  0.140691
272  408  0.0228681
273  322  0.0489258
273  326  0.135433
273  407  0.0225713
273  420  0.175625
274  321  0.045863
274  328  0.272788
274  405  0.0752634
274  406  0.0197975
274  419  0.201207
275  327  0.269621
275  404  0.0927966
275  418  0.160993
276  322  0.0321864
276  326  0.247778
276  403  0.07926
276  417  0.120126
277  321  0.0348612
277  322  0.098096
277  402  0.0468592
277  416  0.0752552
278  323  0.0125535
278  324  0.0191639
278  408  0.0114176
279  320  0.879775
279  322  0.010572
279  407  0.0137053
279  412  0.0150546
280  316  0.0294938
280  319  0.952207
280  406  0.0131405
280  411  0.0187964
281  315  0.0295837
281  318  0.937179
281  405  0.0120529
281  410  0.0197312
282  314  0.0292044
282  317  0.921158
282  404  0.0107736
282  409  0.018448
283  313  0.0284575
283  316  0.90548
283  319  0.0244789
284  312  0.0273824
284  315  0.782198
284  318  0.0240317
284  407  0.0162961
285  312  0.010608
285  406  0.0151788
286  311  0.0112344
286  314  0.0130846
287  312  0.290293
287  313  0.011687
287  315  0.137703
287  405  0.0112095
288  309  0.0122823
288  311  0.271676
288  314  0.485805
288  404  0.0107989
289  313  0.490436
290  307  0.34723
290  312  0.494289
291  306  0.367307
291  311  0.487358
292  305  0.368244
292  306  0.0209662
292  310  0.478054
293  304  0.363292
293  305  0.0229023
293  306  0.0223542
293  309  0.464375
293  440  0.0166181
294  303  0.357347
294  304  0.0230311
294  305  0.0251854
294  306  0.0126952
294  308  0.352484
294  439  0.0127509
295  302  0.346795
295  303  0.0229199
295  304  0.025571
295  305  0.0191836
295  306  0.0609834
296  301  0.310948
296  302  0.0218596
296  303  0.0235085
296  304  0.0196052
296  305  0.0698138
296  306  0.305721
297  301  0.015102
297  302  0.0176881
297  303  0.0182928
297  304  0.067057
297  305  0.330754
297  306  0.0144628
298  302  0.012653
298  303  0.043811
298  304  0.316593
298  305  0.0153584
298  325  0.0270807
299  303  0.181827
299  304  0.0134401
299  324  0.0379706
299  426  0.0133262
299  440  0.0160755
300  323  0.0405097
300  426  0.0240777
300  439  0.0180884
301  322  0.0405516
301  403  0.0104561
301  424  0.223563
301  425  0.0260529
301  432  0.123851
301  438  0.016667
302  321  0.0402556
302  402  0.0106569
302  423  0.285426
302  424  0.0225317
302  431  0.155846
302  437  0.0150163
303  320  0.040015
303  401  0.0105254
303  422  0.292911
303  423  0.0182792
303  430  0.156994
303  436  0.0135147
304  319  0.0397378
304  421  0.292546
304  422  0.0143771
304  429  0.153689
304  435  0.0121114
305  318  0.0362081
305  420  0.28679
305  421  0.0107359
305  428  0.147487
305  434  0.0110553
306  315  0.0155245
306  419  0.280737
306  427  0.141592
307  314  0.0180764
307  418  0.273534
307  426  0.135874
308  313  0.0160804
308  416  0.0208022
308  417  0.248932
308  425  0.129452
309  415  0.0351062
309  416  0.224688
309  424  0.12287
310  414  0.0483106
310  415  0.197832
310  423  0.114258
311  413  0.0603332
311  414  0.152692
311  422  0.0996049
314  394  0.01931
314  410  0.158542
314  411  0.0219858
314  419  0.0424907
315  393  0.0209093
315  409  0.173564
315  418  0.0242368
316  392  0.0228295
316  408  0.171646
316  418  0.0367102
317  390  0.0154648
317  391  0.0167105
317  407  0.132274
317  417  0.0325518
318  389  0.0221582
319  388  0.0237588
319  389  0.0109956
320  387  0.0232234
320  388  0.0107862
321  386  0.0223283
322  385  0.0158171
323  412  0.0145949
323  423  0.0446715
323  425  0.0100479
324  411  0.0151826
324  422  0.0564372
324  430  0.0114868
325  410  0.0145262
325  421  0.0556537
325  429  0.0119526
326  385  0.224773
326  409  0.0128829
327  384  0.308912
327  419  0.10042
327  427  0.0384241
328  382  0.168123
328  383  0.306058
328  418  0.104196
328  426  0.0406296
329  381  0.174454
329  417  0.0986728
329  425  0.0380921
330  380  0.163191
330  381  0.198706
330  416  0.08406
330  424  0.0323715
331  379  0.0511132
331  380  0.265857
331  415  0.0458802
331  423  0.0183287
332  341  0.0230021
332  378  0.0180206
333  340  0.0504876
333  378  0.702612
334  339  0.0533856
334  377  0.955448
335  375  0.0260645
335  376  0.93752
336  374  0.038936
336  375  0.914847
337  373  0.0491789
337  374  0.897209
338  372  0.056201
338  373  0.87838
339  371  0.062919
339  372  0.859655
340  370  0.0692289
340  371  0.842273
341  369  0.0749808
341  370  0.821269
342  368  0.0812841
342  369  0.802709
343  367  0.087124
343  368  0.783479
344  366  0.0915286
345  365  0.0876463
346  361  0.0202226
346  364  0.064188
346  365  0.734301
347  360  0.036754
347  363  0.034398
347  364  0.731887
348  359  0.0413757
348  363  0.726461
349  358  0.0412177
349  362  0.700037
351  358  0.019196
352  358  0.0199923
353  358  0.0399105
380  409  0.045265
381  408  0.0811374
382  406  0.155464
382  407  0.142516
382  410  0.0509749
383  405  0.14399
383  406  0.158446
384  404  0.303149
384  408  0.101624
385  401  0.068622
385  402  0.150995
385  403  0.326803
385  407  0.117105
386  400  0.0936651
386  401  0.327656
386  402  0.331742
386  406  0.121453
387  399  0.0922505
387  400  0.353803
387  401  0.332251
387  405  0.115867
387  443  0.0863505
388  398  0.0865905
388  399  0.347493
388  400  0.328323
388  442  0.0744713
389  397  0.0771738
389  398  0.327509
389  399  0.320695
389  403  0.0811943
389  441  0.0652988
390  440  0.0577669
391  439  0.0500487
392  400  0.127241
392  438  0.0315691
393  399  0.124821
393  437  0.0244804
399  409  0.0233307
399  446  0.017771
400  408  0.0231725
400  445  0.0134161
401  444  0.0102582
404  441  0.0126659
405  440  0.0114407
405  446  0.460408
406  439  0.0103318
406  445  0.746145
407  444  0.603443
408  442  0.120726
408  443  0.436621
409  441  0.157697
409  442  0.314376
410  440  0.184734
411  439  0.160955
411  440  0.0884221
412  439  0.078956
418  441  0.0300886
419  440  0.0266631
420  439  0.0231885
426  441  0.0489498
427  440  0.0437153
428  439  0.0382289
436  446  0.0100859
437  445  0.0103927
438  444  0.0103748
440  448  0.12013
441  447  0.0795816
442  446  0.0524569
