1  55  0.0146827
2  51  0.0610551
3  50  0.0384505
5  48  0.162232
5  90  0.0273746
5  154  0.142795
6  47  0.306341
6  153  0.0741309
7  46  0.259147
7  88  0.0306682
7  152  0.0391062
8  45  0.166485
8  87  0.0276495
9  44  0.105447
9  70  0.024593
9  86  0.0245081
10  45  0.542888
10  69  0.0426456
10  85  0.0215267
11  42  0.0319423
11  44  0.625311
11  68  0.0458359
11  84  0.0179991
12  41  0.0298265
12  43  0.712492
12  67  0.0434689
13  40  0.0274497
13  42  0.668558
13  66  0.0403244
13  81  0.0218414
14  39  0.0254323
14  41  0.661218
14  65  0.0375263
14  80  0.0243962
15  38  0.0226908
15  40  0.625718
15  64  0.0350008
15  79  0.0221784
16  39  0.588344
16  63  0.0324641
16  73  0.0132164
17  38  0.547871
17  62  0.0294171
17  72  0.012027
17  77  0.0137092
18  73  0.0500863
20  36  0.451553
20  71  0.422209
21  35  0.45903
21  70  0.47097
22  69  0.451892
23  68  0.432682
24  32  0.41159
24  67  0.414517
25  31  0.390877
25  66  0.39029
26  47  0.0110517
26  65  0.276829
27  46  0.0106144
27  63  0.106684
27  65  0.0675448
28  62  0.10237
28  64  0.122425
29  63  0.101021
30  63  0.0306445
31  71  0.213755
32  57  0.0168928
32  58  0.0717718
32  61  0.234471
32  70  0.22527
33  57  0.0657775
33  60  0.228578
33  69  0.218508
34  59  0.22015
34  68  0.211763
35  53  0.0424185
35  55  0.0323038
35  67  0.205483
36  52  0.0460435
36  57  0.200655
36  66  0.198747
37  51  0.0227379
37  56  0.190331
37  65  0.174315
38  51  0.649462
39  50  0.709505
40  49  0.697965
41  48  0.68225
41  64  0.018928
41  182  0.0308249
42  47  0.663819
42  63  0.0189565
42  181  0.0343537
43  62  0.0185128
43  180  0.0298775
44  159  0.0422547
44  179  0.0261833
44  192  0.0107721
44  193  0.0245847
45  158  0.0406625
45  178  0.0202462
45  192  0.0121022
46  59  0.0175549
46  90  0.059561
46  157  0.0390629
47  58  0.0173492
47  89  0.0666827
47  156  0.0371831
48  67  0.109715
48  88  0.0653809
48  190  0.0265719
49  66  0.12359
49  68  0.0133275
49  87  0.063101
49  197  0.22062
50  55  0.0159684
50  65  0.126183
50  67  0.0161103
50  188  0.537033
50  196  0.169088
51  64  0.125978
51  66  0.0160745
51  85  0.0551154
51  187  0.450937
51  195  0.112541
52  63  0.126827
52  65  0.0161057
52  194  0.0810461
53  62  0.111209
53  64  0.0143149
53  84  0.0454688
53  183  0.0169702
53  185  0.467463
53  186  0.154824
54  61  0.0872387
54  62  0.0640272
54  83  0.060962
54  182  0.0263239
54  184  0.459259
54  185  0.180589
55  61  0.0820364
55  82  0.0605037
55  183  0.434053
55  184  0.168086
56  60  0.0655819
56  81  0.0593964
56  180  0.497627
56  182  0.267061
56  183  0.0811238
57  80  0.0583057
57  179  0.744464
57  181  0.124783
57  189  0.0113582
58  178  0.718696
58  179  0.0947135
58  188  0.0109913
58  191  0.021652
59  177  0.684457
59  178  0.0805946
59  190  0.0219478
60  74  0.0351914
60  176  0.651678
60  177  0.0562649
60  189  0.0206963
61  73  0.0349981
61  175  0.613014
61  176  0.029723
61  188  0.0188241
63  72  0.0304792
63  173  0.392792
63  182  0.0891892
64  71  0.0304652
64  172  0.465195
64  181  0.0964133
65  70  0.0279861
65  171  0.338922
65  173  0.01621
65  180  0.0896367
65  182  0.0157583
65  208  0.011665
66  172  0.0161452
66  181  0.0162809
66  207  0.0103283
67  169  0.363001
67  171  0.0149296
67  180  0.0135025
67  202  0.0207659
68  168  0.378788
68  177  0.206435
68  201  0.0212066
69  167  0.366077
69  176  0.257762
69  200  0.0193752
69  207  0.0138146
69  212  0.0176497
70  166  0.352929
70  172  0.0176356
70  175  0.25871
70  199  0.0175727
70  207  0.010578
70  211  0.016149
70  219  0.0103866
71  165  0.332457
71  171  0.019208
71  173  0.0295852
71  174  0.223769
71  198  0.0148476
71  205  0.210191
71  210  0.0103929
72  164  0.296898
72  172  0.0514921
72  204  0.222112
73  155  0.286611
73  170  0.539012
73  203  0.203374
74  154  0.285872
74  169  0.533868
74  202  0.184842
75  153  0.281501
75  161  0.017096
75  162  0.106151
75  168  0.511513
75  201  0.169265
75  213  0.0599246
75  224  0.0206954
76  152  0.273596
76  160  0.0170395
76  161  0.105367
76  167  0.491659
76  168  0.0547133
76  200  0.155615
76  212  0.051577
76  223  0.0109226
77  151  0.262951
77  159  0.0163757
77  160  0.102922
77  166  0.458897
77  167  0.0830527
77  199  0.142618
77  211  0.0447563
77  220  0.0937784
78  149  0.0134643
78  158  0.0127571
78  159  0.100341
78  166  0.11533
78  219  0.0727966
78  227  0.0216644
79  158  0.0944029
79  164  0.258692
80  156  0.0397487
80  165  0.369341
81  162  0.259015
81  164  0.371538
81  228  0.0916937
82  146  0.239141
82  153  0.0285819
82  161  0.298033
82  163  0.37605
82  227  0.0631358
83  145  0.237365
83  152  0.0279192
83  160  0.300387
83  162  0.372018
83  214  0.0167278
83  226  0.0434783
84  144  0.234335
84  151  0.0268123
84  153  0.0677954
84  159  0.295733
84  161  0.368545
84  213  0.017514
84  225  0.0322284
85  143  0.231644
85  152  0.0665039
85  158  0.285894
85  160  0.361431
85  212  0.0159889
85  224  0.0251479
86  142  0.226866
86  151  0.0641446
86  159  0.352595
86  211  0.0144978
86  223  0.0167465
86  235  0.0728965
87  158  0.340425
87  234  0.0239112
88  128  0.0288042
88  150  0.0176853
88  154  0.455983
88  157  0.136289
88  221  0.0153779
88  233  0.0123269
89  125  0.029267
89  127  0.0340955
89  151  0.0174868
89  153  0.540274
89  220  0.0138384
90  126  0.03315
90  152  0.500545
91  123  0.255369
91  125  0.0266573
91  143  0.0102641
91  149  0.457468
91  151  0.225535
92  122  0.268571
92  123  0.021582
92  142  0.0112702
92  148  0.540508
92  149  0.132435
93  121  0.269556
93  122  0.022164
93  141  0.0111785
93  147  0.543312
93  148  0.124075
93  236  0.0443269
94  120  0.266846
94  121  0.0216779
94  140  0.0110742
94  146  0.544831
94  147  0.115475
94  235  0.0353718
94  243  0.136917
95  119  0.263588
95  139  0.0108823
95  145  0.545123
95  234  0.0253363
95  242  0.045458
95  244  0.0987481
96  118  0.259031
96  121  0.013441
96  122  0.011891
96  138  0.0100935
96  144  0.534732
96  146  0.0783482
96  241  0.0251136
96  242  0.0111058
96  243  0.0438584
96  245  0.126219
97  117  0.255734
97  143  0.525132
97  145  0.0756297
97  240  0.0161824
97  241  0.0106069
97  242  0.023625
97  244  0.0429154
98  116  0.251292
98  120  0.139943
98  142  0.489262
98  144  0.0649683
98  146  0.0283861
98  243  0.0248014
99  119  0.169175
99  143  0.0573279
99  145  0.0283529
99  239  0.0111379
99  242  0.0166617
100  118  0.18157
100  144  0.0290739
100  238  0.0123793
100  241  0.0106589
100  248  0.0135916
101  117  0.186755
101  143  0.0295321
101  237  0.0126787
101  248  0.0311134
102  115  0.245505
102  116  0.185683
102  141  0.51193
102  142  0.0232873
102  236  0.0120431
102  246  0.286375
102  247  0.0141278
103  114  0.246189
103  115  0.182749
103  140  0.514457
103  141  0.0166791
103  235  0.0107459
103  245  0.294183
104  113  0.244623
104  139  0.515124
104  244  0.241307
105  112  0.231151
105  114  0.186643
105  138  0.509408
105  243  0.20132
106  111  0.196321
106  113  0.18341
106  137  0.504421
106  242  0.170617
107  112  0.164969
107  136  0.493337
107  241  0.136481
110  133  0.453459
111  132  0.461672
112  131  0.457229
112  133  0.018286
113  130  0.451854
113  132  0.0212215
114  129  0.443047
114  131  0.0211349
116  129  0.0231233
117  128  0.0256807
123  233  0.783415
124  232  0.821853
125  231  0.800694
126  230  0.765507
127  215  0.0188591
127  229  0.733548
128  143  0.011086
128  214  0.0214406
128  228  0.704741
129  140  0.168324
129  141  0.012166
129  142  0.0145869
129  213  0.0213722
129  227  0.677989
130  139  0.167893
130  212  0.0206916
130  226  0.649835
131  138  0.159422
131  140  0.057698
131  211  0.0196322
131  225  0.610432
132  137  0.135736
132  139  0.0559759
132  224  0.570847
132  276  0.0535181
133  138  0.0366198
133  223  0.404633
133  275  0.0460023
134  274  0.0375212
134  280  0.0561978
135  221  0.016569
135  273  0.0268955
135  279  0.0382104
136  272  0.0160907
136  278  0.0275636
137  187  0.0438281
137  277  0.0176182
138  186  0.0596709
139  157  0.0156634
139  185  0.062617
140  156  0.0183948
140  184  0.0610473
141  155  0.0176156
141  156  0.0439585
141  183  0.0584789
142  155  0.0440329
143  154  0.0396652
143  187  0.0613907
144  186  0.083755
145  157  0.0858991
145  185  0.0878535
146  156  0.102771
146  184  0.0868744
147  155  0.100594
147  156  0.0498047
147  183  0.0847846
148  155  0.0496167
148  156  0.0799716
149  155  0.0793193
151  280  0.0986975
151  300  0.0251519
152  279  0.0926793
153  278  0.0854415
153  297  0.490166
154  176  0.0363075
154  237  0.16226
154  296  0.488177
155  175  0.0384339
155  236  0.194605
155  282  0.0171661
155  283  0.037033
155  295  0.487533
156  235  0.189611
156  281  0.0158052
156  282  0.0339048
156  294  0.408355
157  172  0.119879
157  234  0.183012
157  293  0.342992
157  304  0.18204
158  171  0.131078
158  185  0.0177194
158  233  0.15758
158  279  0.0112393
158  303  0.121592
158  307  0.192927
159  170  0.131345
159  184  0.0193246
159  278  0.0118755
159  302  0.0889699
159  306  0.0942119
160  169  0.12837
160  183  0.018804
160  290  0.013683
160  291  0.102739
160  305  0.0499734
160  308  0.0105226
161  182  0.0166724
161  290  0.0980017
161  291  0.0144049
161  308  0.0151638
162  290  0.0156777
162  303  0.0117172
162  307  0.0144758
163  186  0.0118033
163  288  0.266701
163  291  0.0372363
163  306  0.010703
164  185  0.0122186
164  233  0.0174369
164  287  0.348831
164  290  0.0490015
165  175  0.158989
165  232  0.201007
165  281  0.327113
165  286  0.345435
165  289  0.0482884
166  174  0.158177
166  183  0.011584
166  184  0.0251014
166  231  0.213804
166  280  0.312675
166  285  0.323107
166  288  0.0448132
166  313  0.0113201
167  173  0.152218
167  182  0.0110426
167  183  0.0250139
167  230  0.214006
167  279  0.2929
167  284  0.283573
167  287  0.0380176
168  182  0.0252443
168  229  0.218276
168  278  0.270734
169  181  0.0247961
169  228  0.216992
170  179  0.0452643
170  227  0.213184
170  281  0.053892
170  319  0.917308
171  178  0.0435585
171  191  0.0104773
171  226  0.200744
171  318  0.882118
172  277  0.46093
172  317  0.865525
173  189  0.0373693
173  223  0.0968327
173  224  0.0218406
173  276  0.461534
173  316  0.792305
174  188  0.044147
174  222  0.100153
174  223  0.0187376
174  275  0.450951
174  281  0.0378082
174  315  0.672239
175  274  0.434388
175  280  0.0363016
175  314  0.548525
176  186  0.010767
176  187  0.0934997
176  273  0.416372
176  279  0.0339082
176  313  0.449909
177  185  0.0126179
177  186  0.116431
177  218  0.0108209
177  272  0.399197
177  278  0.029749
177  308  0.0135668
177  312  0.333941
178  184  0.0125791
178  185  0.122452
178  217  0.0130361
178  218  0.0136135
178  271  0.385019
178  277  0.0198305
178  307  0.019838
178  311  0.227221
179  183  0.0117988
179  184  0.121636
179  270  0.371559
179  306  0.0194253
180  216  0.216285
180  269  0.268939
181  215  0.244678
182  189  0.0246158
182  214  0.237887
182  237  0.107256
182  244  0.014946
182  330  0.796454
183  188  0.030878
183  213  0.22288
183  214  0.137774
183  236  0.123047
183  243  0.0170516
183  244  0.0141781
183  329  0.826282
184  211  0.0256831
184  212  0.146261
184  213  0.158885
184  235  0.120573
184  242  0.0166
184  243  0.0164134
184  328  0.554046
185  212  0.163269
185  234  0.101971
185  241  0.0161422
185  242  0.0159846
185  327  0.362276
186  240  0.0149638
186  241  0.0148831
187  212  0.0107703
187  232  0.0115491
187  239  0.0111054
187  240  0.0113989
188  231  0.0120762
188  335  0.0167052
188  336  0.0218243
189  209  0.0118287
189  210  0.475768
189  230  0.0115564
190  208  0.0127184
190  209  0.584556
190  210  0.0295507
191  208  0.453114
191  209  0.0385631
192  208  0.0345223
193  206  0.751332
193  341  0.0101207
194  205  0.86077
195  204  0.858837
195  234  0.0152872
196  203  0.846203
196  233  0.0187554
196  340  0.0126026
197  338  0.0150431
198  232  0.0225072
198  337  0.0169343
199  231  0.0321122
199  336  0.0160236
199  342  0.0342084
199  346  0.035612
199  348  0.0193727
200  230  0.0316114
200  335  0.0115211
200  341  0.026914
200  345  0.0209012
201  229  0.031145
201  340  0.021578
201  344  0.01055
202  212  0.0107326
202  228  0.0306745
202  339  0.0163154
203  211  0.0129865
203  227  0.0300114
203  352  0.0715965
204  210  0.0122661
204  351  0.0237798
205  350  0.0102833
207  215  0.0106588
207  340  0.0309212
207  351  0.0127425
208  214  0.0101501
208  339  0.0455375
208  350  0.0112329
209  338  0.0455725
209  350  0.0137159
210  337  0.0430988
210  350  0.018795
210  357  0.0301211
211  280  0.11217
211  336  0.0395781
211  342  0.091758
211  348  0.508531
211  349  0.0106226
211  356  0.0201088
212  279  0.111449
212  307  0.11081
212  335  0.0236756
212  341  0.0855342
212  343  0.0493541
212  347  0.464264
212  355  0.0131654
213  278  0.109184
213  306  0.122641
213  340  0.0781448
213  342  0.0864768
213  346  0.414648
213  362  0.106226
214  277  0.102484
214  305  0.118396
214  341  0.079898
214  345  0.344862
214  361  0.0328734
215  276  0.084732
215  304  0.113155
216  303  0.101727
217  338  0.124017
218  234  0.0153711
218  275  0.0166507
218  337  0.128862
219  274  0.0169252
219  336  0.122693
220  233  0.504424
220  335  0.111973
220  358  0.29728
221  232  0.522023
221  334  0.0601626
221  357  0.266786
222  231  0.517274
222  333  0.0537408
222  356  0.236952
223  230  0.504501
223  355  0.208826
224  229  0.45146
224  354  0.180006
224  365  0.0257315
225  364  0.0301945
226  363  0.0277626
227  356  0.120512
227  362  0.0242966
228  325  0.0104979
228  355  0.109754
228  361  0.0193379
229  324  0.0110612
230  323  0.0108078
230  353  0.389259
230  367  0.0207375
231  322  0.010405
231  352  0.383882
231  366  0.0193479
232  351  0.356606
232  365  0.0160432
233  281  0.019333
233  350  0.239261
233  352  0.0211582
234  279  0.0397214
234  280  0.0176267
234  344  0.0994049
234  351  0.0198581
234  363  0.013727
235  278  0.0452803
235  314  0.0105764
235  343  0.110829
235  349  0.370463
235  362  0.0138962
236  278  0.0736735
236  280  0.0269426
236  313  0.0106234
236  342  0.10573
236  348  0.352432
236  349  0.0601956
236  385  0.106539
237  277  0.0711465
237  279  0.0271829
237  312  0.0103223
237  341  0.0967338
237  347  0.315285
237  348  0.0580159
237  384  0.0332699
238  278  0.0264151
238  340  0.0749668
238  346  0.276095
238  347  0.081429
238  383  0.0165805
239  274  0.241022
239  277  0.0129773
239  345  0.207338
239  346  0.0960046
240  273  0.428273
240  344  0.0901881
240  345  0.108797
241  272  0.552434
241  343  0.0265432
241  344  0.120636
241  387  0.0284497
242  271  0.709221
242  343  0.13061
242  386  0.0276038
243  270  0.72742
243  342  0.140526
243  385  0.0258443
244  341  0.13527
244  384  0.0205238
245  340  0.129141
245  383  0.016864
246  267  0.981385
247  266  0.98902
248  265  0.985317
249  264  0.976639
249  398  0.168915
250  263  0.960298
250  397  0.055294
251  261  0.0168866
252  261  0.101483
253  396  0.042333
253  400  0.0685554
253  401  0.0556963
254  259  0.0108741
254  395  0.0332169
254  399  0.039407
254  400  0.028135
255  394  0.0268883
255  399  0.017403
256  267  0.0129442
256  393  0.0222612
256  397  0.0320197
256  401  0.0328073
257  266  0.0130631
257  396  0.0261542
257  400  0.0239172
259  402  0.0198746
260  400  0.0141947
260  401  0.0183084
260  405  0.0391592
261  399  0.0117316
261  400  0.0126437
261  404  0.0281488
261  408  0.376287
262  407  0.292399
263  398  0.0238895
263  402  0.0394733
263  406  0.232213
263  409  0.0300482
264  397  0.0207769
264  401  0.0370434
264  405  0.183147
265  330  0.0108753
266  329  0.0146623
266  402  0.0281076
266  403  0.199793
266  407  0.765961
267  328  0.0144235
267  398  0.0263428
267  402  0.171652
267  406  0.836009
267  415  0.0118812
268  397  0.0232933
268  400  0.146825
268  401  0.11993
268  405  0.740288
269  396  0.0149373
269  399  0.160565
269  400  0.0681464
269  404  0.652655
270  398  0.153603
270  403  0.578797
271  402  0.45154
272  324  0.488129
273  323  0.651923
274  309  0.0131322
274  322  0.716399
274  423  0.125233
275  308  0.0129374
275  321  0.70582
275  422  0.0435391
276  307  0.0123536
276  320  0.695624
276  421  0.0263458
277  319  0.677071
277  420  0.0166952
277  424  0.0145809
278  318  0.50499
278  339  0.0333243
278  423  0.0107493
278  425  0.0789347
279  316  0.685165
279  338  0.0476769
279  424  0.0531948
280  315  0.688687
280  337  0.0569222
280  398  0.0147672
280  402  0.0103554
280  420  0.0121398
280  423  0.0383031
281  302  0.0177155
281  314  0.676698
281  336  0.0582033
281  397  0.0138833
281  401  0.013602
281  419  0.0108971
282  302  0.026188
282  313  0.662332
282  335  0.0562337
282  396  0.0129071
282  400  0.0126456
283  300  0.148848
283  302  0.0680347
283  427  0.0125423
284  299  0.150502
285  298  0.148995
285  301  0.85094
286  297  0.146861
286  300  0.84682
287  296  0.144615
287  299  0.835136
287  407  0.0159847
288  295  0.139685
288  298  0.82401
288  406  0.0207395
289  297  0.812329
289  405  0.019546
289  433  0.0149838
290  296  0.724984
290  431  0.0383606
291  430  0.0374231
292  429  0.0325219
293  428  0.0283168
294  401  0.143395
294  427  0.0226449
295  400  0.147045
296  399  0.140858
296  421  0.0163494
296  440  0.0699037
297  398  0.135177
297  406  0.0146141
297  415  0.013137
297  420  0.0183264
297  439  0.0659509
298  397  0.125709
298  400  0.0291301
298  405  0.0140132
298  414  0.0123766
298  419  0.0173699
298  438  0.0539437
299  392  0.0101817
299  396  0.0877176
299  399  0.0291093
299  404  0.0136992
299  413  0.0117303
299  418  0.0161944
299  437  0.0430097
300  391  0.0143158
300  398  0.0287019
300  403  0.0130296
300  417  0.01219
301  397  0.0273653
302  309  0.0158253
302  319  0.0934351
302  389  0.015531
303  318  0.103438
303  388  0.0150778
304  317  0.104283
304  387  0.0137582
304  432  0.0150685
305  316  0.103807
305  431  0.0143388
306  315  0.102906
306  430  0.010249
308  334  0.17972
308  420  0.0168629
309  333  0.200692
309  419  0.017378
309  427  0.0181159
310  332  0.201312
311  331  0.200661
311  425  0.0453451
312  323  0.0102862
312  330  0.199957
312  424  0.049837
312  425  0.010434
313  322  0.0104097
313  329  0.198918
313  360  0.0204496
313  407  0.0103054
313  423  0.0478338
313  424  0.0124341
314  328  0.195842
314  359  0.0203466
314  406  0.0110999
314  415  0.05756
314  420  0.0659597
314  423  0.012159
315  358  0.0201033
315  405  0.010888
315  414  0.0561088
315  419  0.0678075
316  325  0.0553803
316  326  0.0107237
316  413  0.0544614
316  418  0.0654212
316  421  0.0202703
317  324  0.0597204
317  327  0.0723335
317  412  0.052797
317  417  0.0618017
317  420  0.0217573
318  326  0.0908066
318  355  0.017524
318  411  0.0487943
318  416  0.0511529
318  419  0.0210539
319  325  0.0890846
319  354  0.016934
319  404  0.0101264
319  410  0.0357001
319  418  0.0197003
320  324  0.0696188
320  353  0.0148373
320  417  0.0170414
321  350  0.0193053
321  402  0.244158
322  342  0.0162489
322  349  0.0207516
322  401  0.267613
323  341  0.0189516
323  348  0.0204885
323  400  0.260842
324  340  0.0225328
324  347  0.0202826
324  399  0.234435
325  339  0.0409535
326  338  0.0381488
326  388  0.045165
327  344  0.141681
327  387  0.0598887
327  397  0.0121707
327  399  0.0319466
328  336  0.0794809
328  343  0.177016
328  386  0.0667269
328  396  0.0378224
328  397  0.736833
329  335  0.0796266
329  342  0.175998
329  385  0.0657222
329  396  0.763961
330  341  0.173862
330  384  0.0603889
330  394  0.391957
330  395  0.530542
331  340  0.170335
331  383  0.052457
331  393  0.631957
331  394  0.297623
332  382  0.0314781
332  392  0.840337
332  393  0.11099
333  381  0.0270815
333  391  0.957116
334  390  0.942991
335  379  0.0240211
335  389  0.929497
336  378  0.0237304
336  388  0.904635
337  377  0.0229783
337  384  0.190338
337  387  0.752146
338  383  0.363468
338  386  0.569524
339  382  0.868984
339  385  0.079411
340  381  0.970839
341  380  0.967095
342  379  0.956058
343  378  0.935852
345  376  0.752557
346  375  0.938578
347  374  0.925692
348  360  0.0547226
348  373  0.910873
349  359  0.0561238
349  372  0.742842
350  358  0.0552845
350  370  0.848868
351  357  0.0539786
351  359  0.0147344
351  369  0.853877
352  356  0.0529698
352  358  0.014911
352  368  0.83763
352  371  0.011955
353  370  0.0108175
354  367  0.0190519
355  367  0.635449
355  372  0.0224392
356  366  0.746468
357  363  0.013841
357  364  0.0164433
357  365  0.728239
357  370  0.0576282
358  369  0.0668285
359  368  0.0474614
360  368  0.0237463
360  377  0.0128273
361  367  0.0420747
361  376  0.0161447
362  366  0.0400147
362  375  0.0161257
363  374  0.0151984
365  372  0.0141877
366  371  0.0144471
368  378  0.0127351
369  377  0.0128116
370  376  0.0125806
371  375  0.0118784
399  425  0.0167527
400  424  0.0215362
401  423  0.022145
401  435  0.0157636
402  422  0.0199467
402  434  0.0151651
403  433  0.0142409
405  415  0.7396
405  420  0.0546449
406  414  0.719689
406  419  0.0556671
407  413  0.689559
407  418  0.0537038
408  412  0.526932
408  417  0.0500076
414  435  0.0112644
416  445  0.0562941
417  432  0.0510833
418  431  0.0530622
418  443  0.624943
419  430  0.0515167
419  435  0.0117905
419  442  0.691173
420  429  0.0484561
420  434  0.0100013
420  441  0.57728
422  439  0.595546
423  433  0.0244019
423  438  0.562235
424  432  0.0223525
424  437  0.505605
425  432  0.0110703
425  436  0.417652
426  431  0.0106079
427  435  0.13774
431  440  0.0120284
432  439  0.0107666
