2  128  0.84945
3  127  0.762319
4  126  0.604626
5  154  0.0158316
6  124  0.429107
7  123  0.37754
8  122  0.317573
10  119  0.983938
11  118  0.980537
12  117  0.994132
13  31  0.039659
13  116  0.939943
14  30  0.0520416
14  115  0.865657
15  29  0.051854
15  113  0.0645176
16  28  0.0501649
16  29  0.0130196
16  112  0.0609121
16  113  0.542547
17  27  0.0468641
17  28  0.0207905
17  112  0.610664
17  113  0.0801729
18  27  0.0199489
18  108  0.0125504
18  112  0.0841714
19  107  0.0118237
19  110  0.53509
20  26  0.0139312
20  109  0.736011
20  116  0.123217
21  106  0.0255004
21  108  0.693188
21  110  0.0169335
21  115  0.123495
22  105  0.0250657
22  109  0.0177757
22  114  0.118306
23  113  0.093694
23  170  0.0423361
24  169  0.0305008
25  102  0.0220554
25  107  0.725333
26  101  0.0215108
26  106  0.747931
26  110  0.0231209
26  174  0.0155058
27  86  0.0282853
27  100  0.0207143
27  105  0.720506
27  109  0.0223353
27  165  0.0356778
27  166  0.13157
28  61  0.0165026
28  85  0.0276021
28  99  0.0199153
28  104  0.69282
28  164  0.0307965
28  165  0.111462
29  61  0.596347
29  62  0.0139772
29  84  0.0212423
29  164  0.0683876
30  60  0.942493
31  59  0.958234
31  83  0.0157581
32  58  0.929025
32  82  0.0161603
33  57  0.899882
33  81  0.0154085
34  56  0.872831
34  82  0.0682559
35  55  0.841086
35  81  0.0670785
36  54  0.768076
36  56  0.0116309
36  79  0.0224615
36  80  0.0714686
37  53  0.702079
37  54  0.035587
37  78  0.0227687
37  79  0.0715045
38  52  0.624822
38  53  0.0646191
38  54  0.0293909
38  78  0.0694004
39  51  0.499669
39  52  0.092764
39  53  0.032048
39  75  0.126807
40  51  0.0965367
40  52  0.0309843
40  74  0.16428
41  73  0.178491
41  114  0.0186554
42  50  0.699962
42  72  0.18486
42  113  0.0716157
43  49  0.686936
43  71  0.18281
43  112  0.0949667
43  192  0.464896
44  48  0.587518
44  70  0.154313
44  111  0.0934473
44  191  0.159372
45  110  0.0915966
45  190  0.0953387
46  68  0.0532077
46  109  0.0895986
46  189  0.0678078
46  191  0.0312395
47  107  0.0881789
47  190  0.0152396
47  193  0.222199
48  66  0.176384
48  78  0.0263028
48  106  0.0877512
48  186  0.0136388
48  190  0.0853954
48  192  0.174146
49  65  0.173349
49  77  0.0271332
49  105  0.0859491
49  185  0.0116965
49  189  0.0886786
49  191  0.130098
50  64  0.170102
50  76  0.0266412
50  104  0.0834709
50  188  0.0744117
50  189  0.0813023
51  63  0.169229
51  187  0.0606923
51  188  0.0676436
51  198  0.0167349
52  62  0.166451
52  183  0.0388678
52  187  0.0393772
52  197  0.0151057
53  61  0.163199
53  70  0.0969828
53  182  0.0416009
53  196  0.0112207
54  60  0.160342
54  69  0.10925
54  181  0.0385728
54  185  0.0334374
55  59  0.137812
55  180  0.0354312
55  184  0.0306967
55  186  0.018773
55  192  0.557329
56  67  0.111069
56  179  0.0327734
56  183  0.0279129
56  185  0.0177492
56  191  0.507187
57  66  0.110021
57  97  0.0100852
57  106  0.0164758
57  178  0.0120529
57  184  0.0162003
57  190  0.44899
58  65  0.108158
58  90  0.0103749
58  105  0.0162841
58  183  0.0148753
58  189  0.402287
59  64  0.106301
59  89  0.0105057
59  104  0.0160049
59  181  0.0132557
59  188  0.362678
59  200  0.0360019
60  83  0.011158
60  103  0.0134394
60  180  0.0104325
60  199  0.0294986
61  82  0.0110611
64  79  0.0121387
64  83  0.732729
64  98  0.0120593
65  78  0.0119672
65  82  0.741268
65  97  0.0118838
66  77  0.0117501
66  81  0.731835
66  96  0.0116805
67  80  0.720713
67  193  0.010898
68  79  0.711396
68  192  0.014842
69  78  0.690534
69  94  0.0132658
70  93  0.0142514
70  190  0.0132366
71  76  0.271028
71  77  0.228785
71  92  0.0144867
71  189  0.0118255
72  76  0.183202
72  91  0.0139975
75  89  0.0101553
75  99  0.0349795
76  98  0.0685886
76  102  0.0320904
76  107  0.0112161
76  192  0.0182016
77  97  0.067797
77  101  0.0427422
77  106  0.0137832
77  190  0.218766
78  86  0.0134713
78  96  0.0668886
78  100  0.0423725
78  105  0.0136414
78  189  0.236259
79  85  0.0133151
79  95  0.0657307
79  99  0.041784
79  104  0.0134522
79  119  0.0621593
79  188  0.227805
80  84  0.010672
80  118  0.0660432
80  187  0.21737
81  93  0.0359439
81  97  0.0408346
81  101  0.013377
81  117  0.0697483
81  186  0.207244
82  90  0.0279689
82  92  0.0353977
82  96  0.0404115
82  100  0.0132368
82  116  0.0697463
82  185  0.196725
83  89  0.0284112
83  90  0.0282553
83  95  0.039704
83  99  0.0129826
83  114  0.227693
83  183  0.0244041
84  113  0.261621
85  94  0.020444
85  98  0.016847
85  112  0.26774
85  113  0.0473384
85  231  0.0304085
86  93  0.0133064
86  97  0.0166624
86  112  0.0703904
86  195  0.0118465
86  230  0.0225281
87  194  0.0113546
87  229  0.0139435
88  110  0.285208
88  193  0.0107368
89  94  0.0152138
89  115  0.0595286
89  192  0.0100371
89  195  0.0502087
89  231  0.0113835
90  103  0.231724
90  108  0.472218
90  194  0.0490291
91  102  0.230108
91  107  0.468437
91  113  0.120538
91  193  0.0472964
92  101  0.227877
92  106  0.463645
92  112  0.137932
92  192  0.0454825
93  100  0.224432
93  105  0.458315
93  111  0.133625
93  191  0.0340688
93  242  0.026513
94  99  0.218974
94  104  0.453586
94  109  0.147649
94  241  0.0114953
95  103  0.445715
95  107  0.029884
95  108  0.144727
96  101  0.054606
96  102  0.268738
96  106  0.182393
96  190  0.0342002
96  245  0.0113577
97  105  0.182667
97  189  0.0377908
98  104  0.180785
98  188  0.0364578
98  246  0.0340714
99  103  0.156628
99  245  0.0175434
100  184  0.150557
101  183  0.169802
101  250  0.0110679
102  182  0.166332
103  181  0.161758
103  246  0.0500416
104  180  0.143408
104  193  0.0126157
104  245  0.0408753
105  184  0.024639
105  192  0.0301055
105  251  0.0467367
106  179  0.0100371
106  183  0.0267018
106  191  0.0293377
106  243  0.0312011
106  250  0.0330107
107  182  0.0260087
107  242  0.0277957
107  249  0.0223439
108  173  0.171228
108  181  0.0246498
108  189  0.0269276
108  241  0.0246954
109  172  0.183442
109  180  0.0151934
109  192  0.0195006
109  253  0.168051
109  254  0.0123825
110  171  0.181447
110  187  0.0260093
110  191  0.0190022
110  252  0.152575
111  170  0.162652
111  186  0.0254906
111  190  0.0179968
111  251  0.12598
112  185  0.0247262
112  189  0.0134737
112  250  0.105298
112  259  0.08294
113  167  0.325832
113  187  0.0101098
113  249  0.0758628
113  258  0.0496435
114  186  0.0104357
114  257  0.033813
115  164  0.0119031
115  165  0.830176
115  185  0.0103345
117  163  0.934644
118  162  0.932047
119  161  0.934892
120  160  0.942154
120  184  0.0403515
121  149  0.0713363
121  159  0.937785
121  183  0.0416416
122  148  0.0735448
122  158  0.925016
122  182  0.0407793
123  147  0.0734884
123  157  0.910209
123  181  0.0399095
123  272  0.129902
124  155  0.119729
124  156  0.76235
124  180  0.0388308
124  271  0.0427635
125  154  0.235068
125  155  0.515636
125  270  0.0246822
126  144  0.0513114
126  178  0.0349962
126  269  0.0151277
127  143  0.0506122
127  145  0.0369037
127  151  0.0100062
127  152  0.0405182
127  153  0.076386
127  177  0.0336426
128  142  0.0497104
128  144  0.0435922
128  176  0.0281599
128  268  0.0135422
129  141  0.0392752
129  143  0.0430618
129  147  0.0205253
129  150  0.829268
129  166  0.0220935
129  267  0.0122207
129  273  0.0181107
129  276  0.0838588
129  277  0.0961896
129  278  0.158912
130  139  0.0275162
130  141  0.0542941
130  146  0.0204861
130  149  0.822457
130  165  0.0217278
130  191  0.0150771
130  266  0.0104333
130  272  0.0136203
130  275  0.049918
130  276  0.0474989
130  277  0.0531195
131  138  0.0221644
131  140  0.0640083
131  144  0.0126979
131  190  0.0201131
132  139  0.0624594
132  143  0.0125152
132  147  0.807333
132  164  0.0221895
132  189  0.0204106
132  273  0.0409037
132  276  0.030707
132  277  0.0312884
132  278  0.0468279
132  279  0.0310889
133  141  0.0128511
133  143  0.0160338
133  146  0.802447
133  163  0.0218681
133  188  0.0199837
133  272  0.0334975
133  275  0.022807
133  276  0.0223833
133  277  0.0312844
133  278  0.0189811
134  140  0.012646
134  142  0.0184403
134  144  0.41177
134  162  0.0206277
134  186  0.0187458
134  271  0.0134784
135  139  0.01076
135  141  0.0181342
135  143  0.413245
135  145  0.347402
135  185  0.018598
136  140  0.0125035
136  142  0.401253
136  144  0.34951
136  160  0.0155317
136  184  0.018216
136  284  0.135767
137  141  0.341468
137  143  0.341264
137  159  0.0156485
137  183  0.017617
137  280  0.0176336
137  281  0.0980031
137  283  0.0949033
138  158  0.0139701
138  182  0.0161235
138  279  0.0157778
138  280  0.0977837
138  282  0.0642092
138  283  0.0178665
139  287  0.119528
140  277  0.0102333
140  278  0.0682637
140  280  0.0375414
140  281  0.011251
140  286  0.0593838
140  288  0.0461987
141  285  0.0355851
141  287  0.0676289
142  276  0.0511103
142  278  0.0382356
142  279  0.0172133
142  286  0.0444345
143  285  0.0277383
144  274  0.0350255
144  276  0.0269222
144  277  0.016109
146  295  0.489422
147  156  0.0329554
147  294  0.261287
147  296  0.0217705
148  155  0.0372038
148  293  0.157537
148  296  0.0131697
149  154  0.0375147
149  292  0.111404
149  295  0.0105081
150  271  0.379228
151  162  0.0166199
151  176  0.0134345
151  270  0.444599
152  161  0.0176795
152  175  0.0172366
152  269  0.467995
153  160  0.0177498
153  174  0.0189533
153  268  0.467639
154  159  0.0174489
154  173  0.01882
154  266  0.0133696
154  267  0.448215
154  301  0.457706
155  266  0.396041
155  300  0.281755
156  171  0.0119211
156  299  0.202528
157  170  0.0118086
157  264  0.0397418
157  294  0.0767122
157  298  0.156464
158  169  0.0107533
158  262  0.382125
158  293  0.0670823
158  297  0.124436
159  169  0.0113829
159  199  0.0284415
159  261  0.440261
159  292  0.0592163
159  296  0.0917676
160  168  0.0125825
160  198  0.02985
160  260  0.432964
160  291  0.0479331
161  167  0.0124182
161  197  0.0342413
161  259  0.419168
161  290  0.0324712
162  196  0.0362361
162  258  0.410326
162  311  0.0179621
163  195  0.0363407
163  257  0.40841
163  294  0.0161636
163  295  0.0687987
163  310  0.0125899
164  194  0.035074
164  256  0.394754
164  287  0.0114629
164  293  0.0148454
164  294  0.0660988
164  296  0.0141876
164  310  0.973103
165  193  0.0341189
165  255  0.38057
165  292  0.0134984
165  293  0.0601168
165  295  0.017597
165  310  0.0438594
166  176  0.0244798
166  192  0.0335087
166  254  0.368511
166  285  0.0105787
166  292  0.0547219
166  294  0.0167889
166  308  0.913831
167  175  0.0262319
167  209  0.0197274
167  253  0.284722
167  293  0.0150635
167  307  0.877634
168  174  0.0257718
168  208  0.0226848
168  251  0.0365023
168  306  0.827401
169  173  0.0218756
169  182  0.0908998
169  188  0.0272385
169  207  0.0224233
169  250  0.0349044
169  305  0.748671
170  181  0.105444
170  187  0.0617467
170  191  0.0176912
170  206  0.0206202
170  249  0.024786
170  252  0.0110935
170  304  0.681467
171  180  0.107829
171  186  0.0651557
171  190  0.0202817
171  251  0.0121132
171  303  0.608055
172  179  0.101644
172  185  0.0633418
172  189  0.0199298
172  200  0.0108198
172  205  0.0418072
172  240  0.107248
172  250  0.0102983
172  302  0.53829
172  304  0.0139315
173  178  0.0247047
173  184  0.0370718
173  199  0.0150005
173  204  0.0466532
173  239  0.13907
173  292  0.0817703
173  303  0.0154386
173  322  0.544846
174  182  0.0106698
174  183  0.0470988
174  187  0.0165003
174  198  0.0146572
174  203  0.0462011
174  234  0.0108661
174  238  0.13562
174  291  0.0525071
174  300  0.267309
174  301  0.15013
174  302  0.0144932
174  321  0.185866
175  181  0.0109344
175  182  0.0520624
175  188  0.0130186
175  197  0.0129515
175  202  0.0452335
175  233  0.0116309
175  237  0.131069
175  290  0.0254675
175  291  0.188791
175  299  0.214816
175  300  0.190462
175  301  0.0119146
175  320  0.115081
176  181  0.0453206
176  185  0.0258441
176  187  0.0296752
176  201  0.042958
176  232  0.0116593
176  236  0.10781
176  290  0.2499
176  299  0.199187
176  319  0.0829472
177  184  0.0308865
177  186  0.0309474
177  231  0.0109374
177  289  0.292065
177  297  0.0128938
177  298  0.197891
177  318  0.0614739
178  183  0.0296832
178  185  0.0292043
178  196  0.0115701
178  200  0.0119563
178  233  0.0406103
178  234  0.0361805
178  288  0.283491
178  327  0.013635
179  195  0.0149447
179  199  0.0169392
179  287  0.278472
179  295  0.0182867
179  296  0.0305335
179  326  0.0197766
180  196  0.0495925
180  198  0.0142543
180  232  0.0403359
180  286  0.265657
181  194  0.0416643
181  195  0.0561348
181  228  0.0161781
181  230  0.193096
181  285  0.254082
181  294  0.38274
181  325  0.0306707
182  193  0.0621978
182  194  0.0410467
182  227  0.015231
182  229  0.19106
182  284  0.230047
182  293  0.363899
182  313  0.027732
182  324  0.0235296
183  192  0.0795891
183  193  0.0225078
183  228  0.184528
183  292  0.346285
183  323  0.0186886
184  191  0.0753489
184  226  0.120007
184  282  0.0116871
184  283  0.0241579
184  291  0.325557
184  311  0.0267797
185  190  0.0181641
185  192  0.0293571
185  225  0.125319
185  227  0.0234863
185  310  0.0266188
185  322  0.0125394
186  191  0.0266534
186  222  0.0171963
186  223  0.022405
186  224  0.111423
186  226  0.025839
186  280  0.0109584
186  281  0.0179923
186  290  0.210019
186  309  0.024612
186  321  0.0103535
187  221  0.0163121
187  225  0.024865
187  255  0.0102794
187  289  0.233377
187  308  0.0224856
187  324  0.0185484
187  335  0.0320808
188  220  0.0113972
188  221  0.447961
188  254  0.0118405
188  285  0.0119636
188  287  0.0150391
188  307  0.0188005
188  323  0.0196104
189  220  0.484349
189  253  0.0118138
189  284  0.0116191
189  285  0.0183412
189  287  0.238826
189  306  0.0167758
189  322  0.0172718
189  333  0.0154154
190  219  0.480673
190  252  0.011611
190  277  0.0638442
190  278  0.0397216
190  280  0.0254676
190  283  0.0110019
190  286  0.229311
190  305  0.0149513
190  321  0.0140857
191  218  0.446089
191  251  0.0113661
191  285  0.210045
191  331  0.0698323
191  338  0.879983
192  250  0.0111104
192  275  0.0748196
192  276  0.0487259
192  278  0.0379919
192  279  0.102819
192  282  0.146328
192  330  0.064356
192  337  0.810518
193  216  0.590488
193  274  0.0726908
193  275  0.0467651
193  277  0.0365549
193  278  0.100007
193  281  0.143279
193  329  0.0546828
193  336  0.551966
194  201  0.0120647
194  215  0.618506
194  273  0.070497
194  274  0.0454522
194  276  0.0350433
194  277  0.0975489
194  280  0.13771
194  328  0.0471776
194  341  0.0104825
195  200  0.0123095
195  214  0.649042
195  272  0.0673441
195  273  0.0441408
195  275  0.033787
195  276  0.0958621
195  279  0.131804
195  327  0.0416159
195  334  0.453282
195  340  0.0159383
196  213  0.647555
196  271  0.0560731
196  333  0.386571
196  339  0.0106527
197  212  0.642584
197  269  0.0187757
197  270  0.043183
197  332  0.33529
197  345  0.114288
198  211  0.636967
198  268  0.026525
198  269  0.0289161
198  331  0.295989
198  344  0.0733533
199  210  0.628962
199  267  0.0329921
199  272  0.334149
199  330  0.263752
199  343  0.0504514
200  209  0.609831
200  271  0.409921
200  342  0.0347219
201  208  0.526513
201  265  0.0172189
201  270  0.422721
202  265  0.0336606
202  269  0.424353
203  264  0.0400592
203  268  0.419447
204  263  0.0448075
204  267  0.356525
205  262  0.0431124
206  261  0.0132358
206  265  0.377713
207  264  0.3997
208  263  0.377559
210  261  0.518383
211  260  0.586541
212  259  0.583765
213  258  0.583257
213  362  0.0570404
214  257  0.594338
214  360  0.0270784
214  361  0.0502752
215  256  0.58685
215  359  0.0357241
215  360  0.0255516
215  361  0.0190042
216  255  0.565883
216  358  0.0307898
216  359  0.014649
216  360  0.0116387
217  253  0.64285
217  357  0.0270029
218  252  0.704744
218  356  0.0241467
219  251  0.707915
219  355  0.0207678
220  250  0.698556
220  354  0.0180176
221  249  0.643985
223  247  0.023615
223  370  0.0178307
224  247  0.850546
224  369  0.0118694
225  246  0.920365
226  245  0.92421
227  244  0.911681
227  376  0.125735
228  243  0.901209
228  375  0.173123
229  242  0.887937
229  374  0.104536
230  241  0.875332
230  373  0.0741964
230  375  0.010976
231  240  0.846369
233  239  0.120437
233  360  0.0134594
233  361  0.19953
234  359  0.0259854
234  360  0.188188
235  358  0.0352972
235  359  0.178097
235  361  0.0185698
236  357  0.0322739
236  358  0.163421
236  360  0.0166037
237  357  0.111765
237  359  0.0144484
237  370  0.0133108
238  355  0.332446
238  369  0.0161263
239  354  0.355985
239  368  0.0152225
240  353  0.336672
240  367  0.0138545
241  256  0.0368691
241  325  0.0425597
241  352  0.32015
241  366  0.0124612
242  255  0.0378729
242  324  0.043136
242  351  0.304707
243  254  0.037827
243  323  0.0423698
243  350  0.290709
244  253  0.0372483
244  322  0.0411964
244  349  0.277827
244  393  0.0694824
245  252  0.0361462
245  321  0.0388037
245  348  0.264564
245  392  0.0230555
246  251  0.025913
246  347  0.235944
246  391  0.0108687
246  393  0.147695
247  319  0.0261686
247  340  0.0110408
247  392  0.0898464
248  318  0.0319375
248  339  0.0145266
248  345  0.0667455
248  391  0.0614722
249  317  0.0303955
249  338  0.0153329
249  344  0.0680323
249  367  0.0159165
249  390  0.0234942
250  342  0.0252449
250  346  0.0221737
250  366  0.0161889
250  393  0.0406848
251  316  0.0171051
251  336  0.0151417
251  341  0.0167502
251  365  0.0147168
251  392  0.031665
252  261  0.0121713
252  315  0.0188115
252  335  0.0150522
252  344  0.0163568
252  364  0.0107524
252  391  0.023082
253  260  0.0148495
253  276  0.066689
253  314  0.0140497
253  334  0.0142338
253  343  0.0110656
254  259  0.0151242
254  275  0.178468
254  314  0.0181739
254  330  0.127643
254  343  0.0733615
255  274  0.179081
255  329  0.128168
256  273  0.1772
256  312  0.0469835
256  328  0.132346
256  341  0.108761
256  343  0.0111295
256  396  0.158695
257  272  0.174577
257  311  0.0471147
257  327  0.129115
257  340  0.106628
257  341  0.060942
257  395  0.13677
258  271  0.169532
258  310  0.0459812
258  326  0.125721
258  339  0.0520603
258  394  0.116866
259  270  0.166245
259  307  0.0102804
259  325  0.122558
259  339  0.158816
259  393  0.0997204
259  407  0.0184791
260  269  0.162078
260  306  0.0109558
260  308  0.0271463
260  324  0.104421
260  338  0.231868
260  406  0.0104372
261  305  0.0112366
261  337  0.234802
262  304  0.0112014
262  336  0.237657
263  306  0.055328
263  335  0.233244
264  305  0.0610067
264  334  0.22044
264  409  0.0114627
265  304  0.0548156
265  395  0.0110926
265  408  0.0129327
266  303  0.0283703
266  332  0.118551
266  394  0.0140517
266  407  0.0106795
267  303  0.221327
267  331  0.113559
267  393  0.0128796
268  302  0.255246
268  330  0.197301
269  301  0.258242
269  329  0.266398
270  300  0.263204
270  328  0.319059
271  299  0.264541
271  327  0.372702
272  298  0.26504
272  326  0.486272
273  297  0.265361
273  325  0.488117
274  296  0.26207
274  324  0.478416
275  295  0.258394
275  323  0.468865
275  346  0.0198616
275  347  0.0253591
276  294  0.255163
276  322  0.459033
276  345  0.0253135
276  346  0.026839
276  347  0.0182882
276  349  0.0112565
276  364  0.0385666
276  394  0.0101118
277  293  0.25072
277  344  0.0323689
277  345  0.0235288
277  346  0.0181246
277  347  0.0109654
277  363  0.0418883
278  292  0.247155
278  298  0.0246325
278  318  0.0228491
278  344  0.0182612
278  345  0.0151093
278  346  0.0107427
278  347  0.0347321
278  401  0.0208052
279  297  0.0333182
279  317  0.0263788
279  318  0.0474284
279  342  0.0687608
279  346  0.0341269
279  361  0.0407424
279  400  0.0231931
280  296  0.0348654
280  317  0.042349
280  318  0.0413305
280  345  0.0325954
280  360  0.0394798
281  289  0.133231
281  295  0.035087
281  315  0.352462
281  317  0.032446
281  344  0.0260931
281  359  0.0380074
282  287  0.0428039
282  294  0.0347904
282  339  0.0996854
282  358  0.036629
282  398  0.0745913
283  293  0.0336747
283  313  0.437891
283  315  0.0201814
283  338  0.100353
283  357  0.033852
283  397  0.0886923
283  432  0.060133
284  291  0.0361541
284  312  0.437963
284  314  0.0155109
284  337  0.0984931
284  396  0.0873359
284  431  0.0274927
285  290  0.0362936
285  311  0.439167
285  336  0.0967745
285  356  0.031882
285  395  0.106897
285  430  0.0246685
286  310  0.432692
286  335  0.0948114
286  355  0.03164
286  394  0.105033
287  309  0.425766
287  311  0.0101642
287  334  0.0929887
287  354  0.0309291
288  308  0.367706
288  310  0.0103656
288  333  0.0600403
288  353  0.0205021
288  393  0.104771
288  427  0.0131232
288  435  0.772736
288  437  0.0618226
289  305  0.011683
289  309  0.0100834
289  392  0.100452
289  426  0.0115914
289  434  0.420188
289  436  0.0384076
290  306  0.0167671
290  307  0.022753
290  332  0.0775274
290  391  0.0963359
290  435  0.0289727
291  303  0.0122729
291  306  0.0246331
291  331  0.0859799
291  369  0.0105608
291  390  0.0924848
291  432  0.714163
292  330  0.0850917
292  368  0.0103729
292  389  0.0884354
292  431  0.67538
293  302  0.361511
293  329  0.0828411
293  388  0.0632359
293  430  0.564863
294  301  0.377281
294  328  0.0812898
294  429  0.489608
294  430  0.0159432
295  300  0.318255
295  327  0.07205
295  428  0.379844
295  429  0.0138387
296  321  0.068169
296  428  0.0116478
296  443  0.0263095
297  320  0.0786814
297  426  0.0243644
298  319  0.0822877
298  426  0.0677066
298  441  0.323901
299  318  0.0817649
299  358  0.0369226
299  360  0.029146
299  424  0.0112146
299  425  0.0631334
299  440  0.290082
300  317  0.0803933
300  357  0.0490783
300  359  0.0639585
300  424  0.0416259
300  439  0.266731
301  358  0.0810905
301  438  0.242891
301  444  0.0207202
302  315  0.0796724
302  355  0.0674607
302  357  0.0828632
302  437  0.217343
302  442  0.0521231
303  314  0.0788774
303  354  0.0682209
303  356  0.0818656
303  436  0.178997
303  441  0.0489261
304  313  0.0734548
304  353  0.0673376
304  355  0.0768141
304  440  0.0429919
305  352  0.0561361
305  439  0.0307141
305  448  0.013072
308  329  0.011042
309  349  0.407458
310  327  0.0195044
310  348  0.405759
311  323  0.0873095
311  326  0.0210166
311  347  0.402567
312  322  0.0868455
312  325  0.0208018
312  346  0.398363
313  321  0.0840353
314  323  0.011525
314  344  0.104631
315  343  0.336858
316  342  0.37051
317  341  0.364586
318  334  0.0354875
318  340  0.294389
319  333  0.0502003
319  339  0.201445
320  332  0.060309
320  338  0.111976
320  339  0.122378
320  401  0.0381826
321  331  0.0751461
321  338  0.203278
321  342  0.0397414
321  400  0.0464861
322  330  0.0741681
322  336  0.0170017
322  337  0.276764
322  341  0.039508
322  399  0.0455781
323  329  0.0728317
323  334  0.0101003
323  336  0.274061
323  340  0.039111
324  328  0.058625
325  334  0.106984
325  337  0.0413208
325  396  0.0442297
326  334  0.0669145
326  336  0.0410377
326  395  0.0459267
327  333  0.0576899
327  335  0.0381989
327  347  0.013023
327  394  0.0455841
327  413  0.0623568
328  332  0.0243973
328  346  0.0129059
328  393  0.0444495
328  412  0.145849
329  333  0.0144716
329  345  0.0118635
329  347  0.0363345
329  411  0.237334
330  346  0.0361015
330  410  0.265186
331  409  0.250826
332  408  0.219664
332  409  0.0150959
333  343  0.0471891
333  408  0.0251133
334  342  0.0550989
334  349  0.033017
334  406  0.0876658
334  407  0.0305475
335  341  0.0540127
335  348  0.0331972
335  368  0.0107254
335  405  0.0938041
336  347  0.0375777
336  367  0.0454406
337  346  0.0372195
337  366  0.0499607
338  365  0.0254943
338  403  0.271876
339  365  0.0426604
339  402  0.318686
340  350  0.0120189
340  364  0.0750145
340  401  0.346591
341  349  0.014195
341  363  0.085578
341  400  0.344058
342  348  0.0141922
342  362  0.0854772
342  399  0.337209
343  347  0.0123552
343  361  0.0841445
343  398  0.304696
345  396  0.0177499
346  395  0.017298
346  396  0.298944
347  356  0.0810818
347  395  0.29396
348  355  0.0828662
348  390  0.291517
348  394  0.188971
349  354  0.0821515
349  389  0.495381
350  388  0.550189
351  383  0.0348649
351  387  0.561655
351  447  0.0983229
352  382  0.0589017
352  386  0.556008
352  446  0.13477
353  381  0.0680711
353  385  0.542627
353  445  0.117709
354  380  0.0698764
354  384  0.531937
354  444  0.0974107
355  379  0.0664001
355  381  0.0782805
355  383  0.420992
355  385  0.0571614
355  443  0.0785519
356  361  0.0103878
356  380  0.233481
356  384  0.105695
356  442  0.0601981
357  379  0.225251
357  381  0.0109112
357  382  0.0114241
357  383  0.102865
357  441  0.0466561
358  376  0.168791
358  378  0.107358
358  381  0.0158726
358  382  0.10532
359  375  0.33405
359  381  0.0761744
359  382  0.0540027
360  374  0.534061
360  381  0.0564682
360  382  0.0149777
361  373  0.564335
362  372  0.565966
362  380  0.398745
363  371  0.558301
363  379  0.40313
364  378  0.397462
365  377  0.391479
366  376  0.380946
367  374  0.0123091
367  375  0.362124
375  394  0.246912
376  393  0.244258
377  392  0.239831
378  391  0.234911
379  390  0.231536
380  389  0.22786
385  439  0.0410518
385  440  0.104309
386  438  0.0513118
386  439  0.118553
387  437  0.0464757
387  438  0.113607
388  437  0.103336
389  435  0.658052
390  434  0.617078
391  433  0.58124
392  432  0.548096
393  430  0.0100147
393  431  0.516458
394  429  0.0114621
394  430  0.48696
395  423  0.864845
396  422  0.987972
397  421  0.955973
398  420  0.913768
400  418  0.867918
401  417  0.840384
402  416  0.808464
403  415  0.775678
404  413  0.0131057
404  414  0.745612
405  412  0.016425
405  413  0.708123
